---------------------------...
DATE: 2015-04-13
L_MIN: 30
L_MAX: 2508
FILENAME: COM_PowerSpect_CMB_R2.01.fits
PROCVER: DX11d
+-------+------------+-----------+
| ELL   | D_ELL      | ERR       |
+-------+------------+-----------+
| 30    | 1096.176   | 278.186   |
| 31    | 788.986    | 277.345   |
| 32    | 1550.618   | 276.715   |
| 33    | 1096.446   | 276.267   |
| 34    | 987.33     | 275.997   |
| 35    | 748.199    | 275.876   |
| 36    | 1119.384   | 275.88    |
| 37    | 1521.577   | 276.031   |
| 38    | 1293.957   | 276.302   |
| 39    | 1267.823   | 276.666   |
| 40    | 1726.613   | 277.141   |
| 41    | 1415.723   | 277.704   |
| 42    | 1407.433   | 278.336   |
| 43    | 1257.749   | 279.029   |
| 44    | 1411.287   | 279.778   |
| 45    | 1086.264   | 280.611   |
| 46    | 1167.173   | 281.483   |
| 47    | 1945.625   | 282.369   |
| 48    | 1004.801   | 283.297   |
| 49    | 1719.975   | 284.278   |
| 50    | 1704.525   | 285.276   |
| 51    | 1047.183   | 286.279   |
| 52    | 1592.465   | 287.3     |
| 53    | 1127.526   | 288.379   |
| 54    | 1178.98    | 289.476   |
| 55    | 1598.655   | 290.577   |
| 56    | 1540.953   | 291.717   |
| 57    | 1707.266   | 292.904   |
| 58    | 1731.496   | 294.13    |
| 59    | 1467.22    | 295.383   |
| 60    | 1797.089   | 296.66    |
| 61    | 1352.036   | 298.004   |
| 62    | 2212.413   | 299.386   |
| 63    | 1756.353   | 300.847   |
| 64    | 1248.122   | 302.35    |
| 65    | 1851.959   | 303.907   |
| 66    | 1625.703   | 305.508   |
| 67    | 1674.692   | 307.156   |
| 68    | 1774.389   | 308.838   |
| 69    | 2272.156   | 310.558   |
| 70    | 1877.713   | 312.317   |
| 71    | 1791.546   | 314.106   |
| 72    | 1529.218   | 315.929   |
| 73    | 2716.885   | 317.777   |
| 74    | 2019.563   | 319.66    |
| 75    | 1885.369   | 321.563   |
| 76    | 1891.7     | 323.492   |
| 77    | 1928.174   | 325.449   |
| 78    | 1670.874   | 327.432   |
| 79    | 1492.009   | 329.444   |
| 80    | 2311.18    | 331.485   |
| 81    | 2048.104   | 333.548   |
| 82    | 2812.489   | 335.643   |
| 83    | 2156.383   | 337.76    |
| 84    | 1552.586   | 339.91    |
| 85    | 2287.951   | 342.083   |
| 86    | 2544.676   | 344.273   |
| 87    | 2169.713   | 346.485   |
| 88    | 1788.165   | 348.72    |
| 89    | 2923.684   | 350.984   |
| 90    | 2256.344   | 353.261   |
| 91    | 2420.611   | 355.56    |
| 92    | 2577.81    | 357.871   |
| 93    | 2839.689   | 360.212   |
| 94    | 2170.512   | 362.558   |
| 95    | 2161.933   | 364.935   |
| 96    | 2386.462   | 367.315   |
| 97    | 2657.205   | 369.713   |
| 98    | 2215.87    | 372.124   |
| 99    | 3005.5     | 374.558   |
| 100   | 2922.944   | 377.001   |
| 101   | 2790.997   | 379.455   |
| 102   | 2914.216   | 381.92    |
| 103   | 2633.627   | 384.405   |
| 104   | 3048.92    | 386.888   |
| 105   | 2284.035   | 389.392   |
| 106   | 2800.951   | 391.905   |
| 107   | 3333.309   | 394.423   |
| 108   | 3928.998   | 396.946   |
| 109   | 3033.088   | 399.471   |
| 110   | 3428.342   | 402.017   |
| 111   | 2936.308   | 404.556   |
| 112   | 3050.197   | 407.11    |
| 113   | 2324.539   | 409.655   |
| 114   | 2213.747   | 412.211   |
| 115   | 3342.905   | 414.774   |
| 116   | 4325.806   | 417.341   |
| 117   | 4435.381   | 419.907   |
| 118   | 3454.717   | 422.471   |
| 119   | 3149.621   | 425.035   |
| 120   | 2658.988   | 427.611   |
| 121   | 4129.985   | 430.162   |
| 122   | 3439.975   | 432.722   |
| 123   | 4112.952   | 435.274   |
| 124   | 2956.087   | 437.823   |
| 125   | 3271.624   | 440.373   |
| 126   | 3326.451   | 442.88    |
| 127   | 3685.647   | 445.419   |
| 128   | 3809.265   | 447.93    |
| 129   | 2905.447   | 450.428   |
| 130   | 4019.952   | 452.918   |
| 131   | 3230.864   | 455.392   |
| 132   | 2895.293   | 457.868   |
| 133   | 3895.38    | 460.314   |
| 134   | 3576.165   | 462.749   |
| 135   | 4313.821   | 465.19    |
| 136   | 4665.127   | 467.581   |
| 137   | 4061.542   | 469.972   |
| 138   | 3947.835   | 472.334   |
| 139   | 4220.89    | 474.681   |
| 140   | 3812.155   | 477.011   |
| 141   | 4201.613   | 479.299   |
| 142   | 4509.441   | 481.589   |
| 143   | 4759.355   | 483.839   |
| 144   | 3898.693   | 486.076   |
| 145   | 4270.562   | 488.285   |
| 146   | 4237.943   | 490.48    |
| 147   | 4689.131   | 492.634   |
| 148   | 3749.083   | 494.769   |
| 149   | 3392.011   | 496.874   |
| 150   | 4537.693   | 498.959   |
| 151   | 4208.377   | 501.004   |
| 152   | 4587.16    | 503.021   |
| 153   | 4580.11    | 505.013   |
| 154   | 3937.896   | 506.962   |
| 155   | 5310.256   | 508.889   |
| 156   | 4328.075   | 510.78    |
| 157   | 4612.317   | 512.636   |
| 158   | 5530.67    | 514.445   |
| 159   | 4673.818   | 516.234   |
| 160   | 5309.506   | 517.98    |
| 161   | 4703.674   | 519.694   |
| 162   | 4598.4     | 521.357   |
| 163   | 4341.599   | 522.996   |
| 164   | 4712.795   | 524.585   |
| 165   | 4781.894   | 526.141   |
| 166   | 5336.741   | 527.658   |
| 167   | 5622.117   | 529.12    |
| 168   | 5493.252   | 530.558   |
| 169   | 4514.269   | 531.933   |
| 170   | 4195.925   | 533.294   |
| 171   | 4588.038   | 534.58    |
| 172   | 5200.559   | 535.847   |
| 173   | 5150.113   | 537.055   |
| 174   | 4884.895   | 538.217   |
| 175   | 5087.838   | 539.339   |
| 176   | 5059.025   | 540.404   |
| 177   | 4663.558   | 541.435   |
| 178   | 4516.49    | 542.41    |
| 179   | 6333.253   | 543.337   |
| 180   | 5213.021   | 544.218   |
| 181   | 3898.131   | 545.048   |
| 182   | 4355.01    | 545.84    |
| 183   | 4651.567   | 546.578   |
| 184   | 5558.543   | 547.25    |
| 185   | 6385.579   | 547.89    |
| 186   | 5751.013   | 548.473   |
| 187   | 5156.655   | 549.006   |
| 188   | 6335.876   | 549.485   |
| 189   | 6294.836   | 549.905   |
| 190   | 5952.203   | 550.287   |
| 191   | 5424.575   | 550.6     |
| 192   | 6345.196   | 550.872   |
| 193   | 5894.873   | 551.097   |
| 194   | 5502.003   | 551.254   |
| 195   | 4017.847   | 551.375   |
| 196   | 5551.147   | 551.434   |
| 197   | 5601.363   | 551.46    |
| 198   | 5645.342   | 551.413   |
| 199   | 5319.975   | 551.313   |
| 200   | 5223.444   | 551.169   |
| 201   | 4897.989   | 550.961   |
| 202   | 6125.78    | 550.714   |
| 203   | 5680.527   | 550.392   |
| 204   | 5325.455   | 550.033   |
| 205   | 6146.303   | 549.619   |
| 206   | 5328.54    | 549.152   |
| 207   | 5038.366   | 548.629   |
| 208   | 5723.138   | 548.061   |
| 209   | 4618.913   | 547.441   |
| 210   | 5414.302   | 546.774   |
| 211   | 5499.707   | 546.038   |
| 212   | 5867.286   | 545.262   |
| 213   | 5880.065   | 544.433   |
| 214   | 5260.755   | 543.557   |
| 215   | 6633.606   | 542.615   |
| 216   | 5778.803   | 541.629   |
| 217   | 5611.984   | 540.591   |
| 218   | 6248.983   | 539.507   |
| 219   | 5666.534   | 538.367   |
| 220   | 6346.05    | 537.175   |
| 221   | 5885.737   | 535.937   |
| 222   | 5753.105   | 534.645   |
| 223   | 5555.902   | 533.314   |
| 224   | 6096.063   | 531.923   |
| 225   | 5104.303   | 530.497   |
| 226   | 5936.664   | 529.01    |
| 227   | 6143.502   | 527.492   |
| 228   | 4730.305   | 525.911   |
| 229   | 5349.855   | 524.301   |
| 230   | 5653.927   | 522.631   |
| 231   | 5764.313   | 520.925   |
| 232   | 6645.258   | 519.167   |
| 233   | 6407.009   | 517.366   |
| 234   | 4523.516   | 515.522   |
| 235   | 6014.618   | 513.637   |
| 236   | 6074.846   | 511.71    |
| 237   | 5551.843   | 509.73    |
| 238   | 5922.611   | 507.716   |
| 239   | 5497.459   | 505.661   |
| 240   | 6048.944   | 503.565   |
| 241   | 5846.277   | 501.43    |
| 242   | 5397.502   | 499.253   |
| 243   | 5682.936   | 497.043   |
| 244   | 5187.02    | 494.791   |
| 245   | 5808.621   | 492.503   |
| 246   | 5729.268   | 490.184   |
| 247   | 5620.163   | 487.82    |
| 248   | 6011.119   | 485.426   |
| 249   | 4456.113   | 482.997   |
| 250   | 5083.237   | 480.528   |
| 251   | 5270.708   | 478.036   |
| 252   | 5699.764   | 475.5     |
| 253   | 4870.753   | 472.94    |
| 254   | 4409.238   | 470.342   |
| 255   | 5507.978   | 467.717   |
| 256   | 6079.186   | 465.065   |
| 257   | 5254.675   | 462.381   |
| 258   | 5422.963   | 459.67    |
| 259   | 4555.928   | 456.931   |
| 260   | 5700.215   | 454.169   |
| 261   | 5234.513   | 451.382   |
| 262   | 5509.534   | 448.567   |
| 263   | 6088.044   | 445.728   |
| 264   | 4814.191   | 442.867   |
| 265   | 4152.562   | 439.986   |
| 266   | 5567.865   | 437.075   |
| 267   | 5072.891   | 434.149   |
| 268   | 5564.031   | 431.201   |
| 269   | 4783.514   | 428.233   |
| 270   | 4256.171   | 425.249   |
| 271   | 5566.21    | 422.243   |
| 272   | 5839.838   | 419.224   |
| 273   | 4864.321   | 416.185   |
| 274   | 5329.004   | 413.135   |
| 275   | 4649.968   | 410.069   |
| 276   | 4009.706   | 406.989   |
| 277   | 5559.627   | 403.896   |
| 278   | 4992.963   | 400.794   |
| 279   | 5087.996   | 397.676   |
| 280   | 4343.212   | 394.55    |
| 281   | 4697.718   | 391.413   |
| 282   | 4983.011   | 388.27    |
| 283   | 5518.384   | 385.117   |
| 284   | 4432.385   | 381.956   |
| 285   | 3725.675   | 378.788   |
| 286   | 4601.76    | 375.617   |
| 287   | 4446.379   | 372.441   |
| 288   | 4170.456   | 369.26    |
| 289   | 4961.12    | 366.074   |
| 290   | 4570.173   | 362.887   |
| 291   | 3527.256   | 359.698   |
| 292   | 4674.134   | 356.507   |
| 293   | 4500.454   | 353.317   |
| 294   | 4108.5     | 350.124   |
| 295   | 4482.851   | 346.934   |
| 296   | 4707.322   | 343.745   |
| 297   | 3822.555   | 340.561   |
| 298   | 4036.057   | 337.377   |
| 299   | 3964.403   | 334.197   |
| 300   | 4547.998   | 331.023   |
| 301   | 3850.101   | 327.855   |
| 302   | 4037.639   | 324.691   |
| 303   | 3234.489   | 321.534   |
| 304   | 3892.419   | 318.384   |
| 305   | 4201.519   | 315.244   |
| 306   | 3619.063   | 312.11    |
| 307   | 3462.747   | 308.988   |
| 308   | 4196.765   | 305.873   |
| 309   | 3835.907   | 302.771   |
| 310   | 3625.848   | 299.682   |
| 311   | 3817.567   | 296.603   |
| 312   | 3463.077   | 293.535   |
| 313   | 3683.69    | 290.482   |
| 314   | 3053.906   | 287.443   |
| 315   | 3743.118   | 284.42    |
| 316   | 3964.536   | 281.41    |
| 317   | 3048.258   | 278.417   |
| 318   | 3139.089   | 275.442   |
| 319   | 3691.994   | 272.483   |
| 320   | 3690.751   | 269.543   |
| 321   | 3088.828   | 266.62    |
| 322   | 3663.382   | 263.717   |
| 323   | 3292.046   | 260.833   |
| 324   | 3117.37    | 257.97    |
| 325   | 3366.337   | 255.127   |
| 326   | 3671.342   | 252.304   |
| 327   | 2956.002   | 249.506   |
| 328   | 3397.81    | 246.728   |
| 329   | 3416.062   | 243.975   |
| 330   | 2991.48    | 241.243   |
| 331   | 3113.2     | 238.537   |
| 332   | 2968.984   | 235.854   |
| 333   | 2717.2     | 233.196   |
| 334   | 2791.527   | 230.565   |
| 335   | 2787.237   | 227.959   |
| 336   | 3046.582   | 225.381   |
| 337   | 2762.744   | 222.83    |
| 338   | 2953.028   | 220.305   |
| 339   | 2729.407   | 217.809   |
| 340   | 2823.215   | 215.341   |
| 341   | 2806.654   | 212.902   |
| 342   | 2868.623   | 210.492   |
| 343   | 2485.551   | 208.111   |
| 344   | 2619.613   | 205.759   |
| 345   | 2363.611   | 203.438   |
| 346   | 2514.288   | 201.147   |
| 347   | 2349.306   | 198.887   |
| 348   | 2472.777   | 196.658   |
| 349   | 2412.19    | 194.46    |
| 350   | 2401.695   | 192.294   |
| 351   | 2851.784   | 190.161   |
| 352   | 2360.288   | 188.06    |
| 353   | 2784.255   | 185.991   |
| 354   | 2666.071   | 183.956   |
| 355   | 2319.537   | 181.954   |
| 356   | 2093.699   | 179.985   |
| 357   | 2352.688   | 178.05    |
| 358   | 2278.991   | 176.148   |
| 359   | 2066.904   | 174.28    |
| 360   | 2314.67    | 172.446   |
| 361   | 2442.074   | 170.645   |
| 362   | 2223.05    | 168.879   |
| 363   | 2147.453   | 167.147   |
| 364   | 2692.403   | 165.45    |
| 365   | 1952.667   | 163.786   |
| 366   | 1845.09    | 162.158   |
| 367   | 2114.139   | 160.564   |
| 368   | 2011.785   | 159.005   |
| 369   | 2225.087   | 157.482   |
| 370   | 1969.864   | 155.993   |
| 371   | 2234.181   | 154.539   |
| 372   | 1959.007   | 153.12    |
| 373   | 2127.991   | 151.737   |
| 374   | 1977.213   | 150.388   |
| 375   | 2118.965   | 149.073   |
| 376   | 1991.361   | 147.794   |
| 377   | 1783.707   | 146.549   |
| 378   | 2197.566   | 145.338   |
| 379   | 2459.671   | 144.162   |
| 380   | 1776.076   | 143.02    |
| 381   | 1884.276   | 141.913   |
| 382   | 1601.966   | 140.839   |
| 383   | 1976.898   | 139.8     |
| 384   | 2004.402   | 138.795   |
| 385   | 1615.073   | 137.824   |
| 386   | 1706.131   | 136.887   |
| 387   | 2003.2     | 135.983   |
| 388   | 1800.142   | 135.114   |
| 389   | 1666.228   | 134.277   |
| 390   | 1901.962   | 133.474   |
| 391   | 1718.635   | 132.703   |
| 392   | 1943.768   | 131.964   |
| 393   | 1759.47    | 131.258   |
| 394   | 1886.384   | 130.583   |
| 395   | 1674.203   | 129.941   |
| 396   | 1740.25    | 129.329   |
| 397   | 1776.574   | 128.748   |
| 398   | 1659.475   | 128.197   |
| 399   | 1853.408   | 127.678   |
| 400   | 1749.677   | 127.188   |
| 401   | 1800.629   | 126.728   |
| 402   | 1893.636   | 126.297   |
| 403   | 1514.403   | 125.895   |
| 404   | 1580.19    | 125.523   |
| 405   | 1742.82    | 125.179   |
| 406   | 1867.917   | 124.862   |
| 407   | 1802.944   | 124.574   |
| 408   | 1735.898   | 124.312   |
| 409   | 1692.57    | 124.077   |
| 410   | 1751.606   | 123.868   |
| 411   | 1661.534   | 123.685   |
| 412   | 1631.646   | 123.528   |
| 413   | 1801.983   | 123.395   |
| 414   | 1712.271   | 123.287   |
| 415   | 1982.011   | 123.202   |
| 416   | 1721.24    | 123.141   |
| 417   | 1390.635   | 123.103   |
| 418   | 1703.867   | 123.089   |
| 419   | 1802.426   | 123.096   |
| 420   | 1830.737   | 123.125   |
| 421   | 1638.995   | 123.175   |
| 422   | 1653.743   | 123.246   |
| 423   | 1819.514   | 123.338   |
| 424   | 1793.895   | 123.449   |
| 425   | 1508.037   | 123.58    |
| 426   | 1622.443   | 123.729   |
| 427   | 1738.055   | 123.897   |
| 428   | 1795.113   | 124.082   |
| 429   | 1953.404   | 124.285   |
| 430   | 1894.426   | 124.505   |
| 431   | 1659.661   | 124.741   |
| 432   | 1956.505   | 124.993   |
| 433   | 1632.788   | 125.26    |
| 434   | 1944.305   | 125.542   |
| 435   | 1841.69    | 125.838   |
| 436   | 1542.182   | 126.149   |
| 437   | 2050.109   | 126.473   |
| 438   | 1852.11    | 126.81    |
| 439   | 1497.37    | 127.16    |
| 440   | 1726.486   | 127.522   |
| 441   | 1834.855   | 127.895   |
| 442   | 2044.319   | 128.28    |
| 443   | 1897.146   | 128.675   |
| 444   | 1850.927   | 129.08    |
| 445   | 1774.431   | 129.494   |
| 446   | 1717.994   | 129.918   |
| 447   | 1723.352   | 130.35    |
| 448   | 1784.11    | 130.791   |
| 449   | 1881.231   | 131.239   |
| 450   | 2020.168   | 131.694   |
| 451   | 1828.142   | 132.155   |
| 452   | 2164.395   | 132.624   |
| 453   | 1904.223   | 133.097   |
| 454   | 2007.947   | 133.576   |
| 455   | 2134.596   | 134.06    |
| 456   | 2251.455   | 134.549   |
| 457   | 1974.324   | 135.041   |
| 458   | 1976.136   | 135.537   |
| 459   | 2166.591   | 136.036   |
| 460   | 1946.264   | 136.538   |
| 461   | 2186.124   | 137.042   |
| 462   | 2315.229   | 137.549   |
| 463   | 2213.577   | 138.056   |
| 464   | 2113.861   | 138.565   |
| 465   | 2485.445   | 139.074   |
| 466   | 2162.547   | 139.584   |
| 467   | 2251.199   | 140.094   |
| 468   | 2333.186   | 140.604   |
| 469   | 2131.317   | 141.112   |
| 470   | 1983.772   | 141.62    |
| 471   | 2332.528   | 142.125   |
| 472   | 2135.39    | 142.63    |
| 473   | 2254.202   | 143.131   |
| 474   | 2018.638   | 143.63    |
| 475   | 2191.649   | 144.126   |
| 476   | 2291.696   | 144.619   |
| 477   | 2275.433   | 145.108   |
| 478   | 2191.108   | 145.593   |
| 479   | 2483.098   | 146.073   |
| 480   | 2312.884   | 146.549   |
| 481   | 2438.655   | 147.019   |
| 482   | 2180.722   | 147.484   |
| 483   | 2546.822   | 147.943   |
| 484   | 2200.636   | 148.396   |
| 485   | 2073.97    | 148.843   |
| 486   | 2488.455   | 149.282   |
| 487   | 2245.604   | 149.715   |
| 488   | 2449.372   | 150.14    |
| 489   | 2050.737   | 150.556   |
| 490   | 2446.109   | 150.965   |
| 491   | 2465.94    | 151.366   |
| 492   | 2516.355   | 151.758   |
| 493   | 2653.997   | 152.141   |
| 494   | 2637.301   | 152.515   |
| 495   | 2301.934   | 152.88    |
| 496   | 2061.108   | 153.235   |
| 497   | 2217.64    | 153.581   |
| 498   | 2382.145   | 153.917   |
| 499   | 2525.544   | 154.243   |
| 500   | 2563.537   | 154.558   |
| 501   | 2661.573   | 154.863   |
| 502   | 2436.803   | 155.157   |
| 503   | 2393.353   | 155.44    |
| 504   | 2758.726   | 155.712   |
| 505   | 2654.205   | 155.972   |
| 506   | 2388.986   | 156.221   |
| 507   | 2470.097   | 156.457   |
| 508   | 2427.595   | 156.683   |
| 509   | 2566.485   | 156.896   |
| 510   | 2745.82    | 157.097   |
| 511   | 2457.469   | 157.287   |
| 512   | 2847.511   | 157.464   |
| 513   | 2670.844   | 157.628   |
| 514   | 2339.653   | 157.781   |
| 515   | 2597.187   | 157.921   |
| 516   | 2543.241   | 158.048   |
| 517   | 2575.554   | 158.163   |
| 518   | 2579.338   | 158.265   |
| 519   | 2571.87    | 158.354   |
| 520   | 2518.696   | 158.43    |
| 521   | 2418.158   | 158.493   |
| 522   | 2865.382   | 158.544   |
| 523   | 2751.981   | 158.581   |
| 524   | 2546.467   | 158.605   |
| 525   | 2534.759   | 158.616   |
| 526   | 2354.041   | 158.605   |
| 527   | 2477.899   | 158.59    |
| 528   | 2671.449   | 158.562   |
| 529   | 2797.756   | 158.521   |
| 530   | 2359.648   | 158.467   |
| 531   | 2719.904   | 158.399   |
| 532   | 2438.192   | 158.319   |
| 533   | 2457.995   | 158.226   |
| 534   | 2505.574   | 158.12    |
| 535   | 2689.989   | 158.001   |
| 536   | 2423.146   | 157.869   |
| 537   | 2351.284   | 157.725   |
| 538   | 2693.799   | 157.568   |
| 539   | 2565.737   | 157.398   |
| 540   | 2581.971   | 157.205   |
| 541   | 2423.369   | 157.009   |
| 542   | 2397.87    | 156.802   |
| 543   | 2384.152   | 156.582   |
| 544   | 2628.825   | 156.35    |
| 545   | 2580.09    | 156.106   |
| 546   | 2600.993   | 155.85    |
| 547   | 2539.287   | 155.583   |
| 548   | 2694.606   | 155.303   |
| 549   | 2419.009   | 155.013   |
| 550   | 2266.033   | 154.712   |
| 551   | 2465.729   | 154.399   |
| 552   | 2582.528   | 154.075   |
| 553   | 2467.172   | 153.741   |
| 554   | 2822.023   | 153.396   |
| 555   | 2594.821   | 153.041   |
| 556   | 2672.078   | 152.675   |
| 557   | 2494.267   | 152.299   |
| 558   | 2701.08    | 151.914   |
| 559   | 2447.562   | 151.518   |
| 560   | 2324.602   | 151.113   |
| 561   | 2693.736   | 150.699   |
| 562   | 2603.436   | 150.276   |
| 563   | 2561.228   | 149.843   |
| 564   | 2417.044   | 149.402   |
| 565   | 2428.008   | 148.952   |
| 566   | 2552.249   | 148.494   |
| 567   | 2855.656   | 148.028   |
| 568   | 2450.936   | 147.553   |
| 569   | 2570.631   | 147.071   |
| 570   | 2231.548   | 146.597   |
| 571   | 2366.944   | 146.1     |
| 572   | 2424.044   | 145.596   |
| 573   | 2345.408   | 145.085   |
| 574   | 2512.021   | 144.568   |
| 575   | 2381.216   | 144.044   |
| 576   | 2437.922   | 143.514   |
| 577   | 2693.008   | 142.978   |
| 578   | 2438.513   | 142.436   |
| 579   | 2364.085   | 141.889   |
| 580   | 2518.884   | 141.336   |
| 581   | 2600.373   | 140.778   |
| 582   | 2152.257   | 140.216   |
| 583   | 2365.009   | 139.667   |
| 584   | 2266.446   | 139.097   |
| 585   | 2280.285   | 138.522   |
| 586   | 2414.551   | 137.945   |
| 587   | 2600.868   | 137.364   |
| 588   | 2536.638   | 136.78    |
| 589   | 2435.783   | 136.193   |
| 590   | 2333.94    | 135.603   |
| 591   | 2197.037   | 135.012   |
| 592   | 2359.066   | 134.418   |
| 593   | 2280.672   | 133.822   |
| 594   | 2178.537   | 133.225   |
| 595   | 2215.168   | 132.627   |
| 596   | 2150.162   | 132.028   |
| 597   | 2185.494   | 131.428   |
| 598   | 2234.946   | 130.827   |
| 599   | 2203.983   | 130.226   |
| 600   | 2226.249   | 129.625   |
| 601   | 2439.112   | 129.025   |
| 602   | 2228.767   | 128.425   |
| 603   | 1967.072   | 127.826   |
| 604   | 1957.868   | 127.228   |
| 605   | 2136.55    | 126.632   |
| 606   | 2313.381   | 126.037   |
| 607   | 2275.212   | 125.443   |
| 608   | 2227.222   | 124.852   |
| 609   | 1926.078   | 124.264   |
| 610   | 2193.299   | 123.678   |
| 611   | 2079.089   | 123.094   |
| 612   | 1957.261   | 122.514   |
| 613   | 2215.984   | 121.937   |
| 614   | 2264.132   | 121.364   |
| 615   | 2415.412   | 120.794   |
| 616   | 1947.959   | 120.228   |
| 617   | 2126.494   | 119.667   |
| 618   | 2012.884   | 119.11    |
| 619   | 1879.526   | 118.557   |
| 620   | 2186.495   | 118.01    |
| 621   | 2171.42    | 117.467   |
| 622   | 1875.199   | 116.93    |
| 623   | 1862.619   | 116.398   |
| 624   | 2042.79    | 115.873   |
| 625   | 2052.179   | 115.353   |
| 626   | 1904.668   | 114.839   |
| 627   | 1997.819   | 114.332   |
| 628   | 2025.085   | 113.831   |
| 629   | 1843.131   | 113.337   |
| 630   | 1973.308   | 112.85    |
| 631   | 2027.241   | 112.37    |
| 632   | 1849.328   | 111.897   |
| 633   | 1783.739   | 111.431   |
| 634   | 2106.455   | 110.973   |
| 635   | 2016.731   | 110.523   |
| 636   | 1721.075   | 110.08    |
| 637   | 1961.269   | 109.646   |
| 638   | 2024.694   | 109.219   |
| 639   | 1928.561   | 108.802   |
| 640   | 1925.675   | 108.392   |
| 641   | 2064.799   | 107.991   |
| 642   | 1903.573   | 107.6     |
| 643   | 2013.559   | 107.217   |
| 644   | 1636.372   | 106.843   |
| 645   | 1657.13    | 106.478   |
| 646   | 1805.394   | 106.123   |
| 647   | 1805.935   | 105.776   |
| 648   | 1905.946   | 105.44    |
| 649   | 1984.749   | 105.112   |
| 650   | 1991.687   | 104.794   |
| 651   | 1768.986   | 104.486   |
| 652   | 1874.738   | 104.187   |
| 653   | 1790.381   | 103.899   |
| 654   | 1742.062   | 103.62    |
| 655   | 1931.324   | 103.351   |
| 656   | 1791.472   | 103.093   |
| 657   | 1755.594   | 102.844   |
| 658   | 1760.921   | 102.606   |
| 659   | 1931.774   | 102.377   |
| 660   | 1769.193   | 102.16    |
| 661   | 1775.057   | 101.952   |
| 662   | 1897.245   | 101.755   |
| 663   | 2092.208   | 101.568   |
| 664   | 1911.838   | 101.392   |
| 665   | 1739.925   | 101.226   |
| 666   | 1754.646   | 101.07    |
| 667   | 1812.927   | 100.925   |
| 668   | 1793.991   | 100.79    |
| 669   | 1726.753   | 100.665   |
| 670   | 1755.398   | 100.551   |
| 671   | 1823.973   | 100.447   |
| 672   | 1793.951   | 100.354   |
| 673   | 1882.018   | 100.271   |
| 674   | 1867.309   | 100.198   |
| 675   | 1879.628   | 100.136   |
| 676   | 1747.167   | 100.084   |
| 677   | 1823.855   | 100.043   |
| 678   | 1905.505   | 100.012   |
| 679   | 1741.004   | 99.99     |
| 680   | 1696.57    | 99.979    |
| 681   | 1641.882   | 99.978    |
| 682   | 1844.255   | 99.987    |
| 683   | 1680.462   | 100.006   |
| 684   | 1771.885   | 100.034   |
| 685   | 1931.242   | 100.072   |
| 686   | 1652.963   | 100.119   |
| 687   | 1851.133   | 100.175   |
| 688   | 1903.237   | 100.241   |
| 689   | 1847.956   | 100.317   |
| 690   | 1936.482   | 100.401   |
| 691   | 1680.081   | 100.494   |
| 692   | 1688.995   | 100.596   |
| 693   | 1917.189   | 100.707   |
| 694   | 1898.532   | 100.827   |
| 695   | 1778.199   | 100.955   |
| 696   | 2001.983   | 101.091   |
| 697   | 1980.541   | 101.236   |
| 698   | 1886.95    | 101.389   |
| 699   | 1733.097   | 101.55    |
| 700   | 1832.662   | 101.719   |
| 701   | 1863.662   | 101.896   |
| 702   | 1992.393   | 102.08    |
| 703   | 1978.055   | 102.271   |
| 704   | 1969.014   | 102.47    |
| 705   | 1798.02    | 102.676   |
| 706   | 1811.342   | 102.889   |
| 707   | 1812.153   | 103.109   |
| 708   | 1942.038   | 103.336   |
| 709   | 1863.255   | 103.569   |
| 710   | 1865.736   | 103.809   |
| 711   | 1978.661   | 104.055   |
| 712   | 1902.528   | 104.308   |
| 713   | 1919.925   | 104.566   |
| 714   | 1882.37    | 104.83    |
| 715   | 1681.206   | 105.099   |
| 716   | 2001.778   | 105.373   |
| 717   | 2000.681   | 105.653   |
| 718   | 1797.28    | 105.937   |
| 719   | 2034.025   | 106.226   |
| 720   | 1949.519   | 106.52    |
| 721   | 1803.601   | 106.817   |
| 722   | 1933.798   | 107.119   |
| 723   | 2200.083   | 107.425   |
| 724   | 2077.298   | 107.734   |
| 725   | 2065.647   | 108.046   |
| 726   | 1979.42    | 108.362   |
| 727   | 1978.174   | 108.681   |
| 728   | 1995.097   | 109.002   |
| 729   | 1931.048   | 109.326   |
| 730   | 1732.21    | 109.653   |
| 731   | 2043.529   | 109.982   |
| 732   | 2111.643   | 110.313   |
| 733   | 2038.88    | 110.645   |
| 734   | 2225.077   | 110.98    |
| 735   | 1932.855   | 111.316   |
| 736   | 2178.658   | 111.653   |
| 737   | 2158.615   | 111.991   |
| 738   | 2037.464   | 112.33    |
| 739   | 1972.41    | 112.67    |
| 740   | 1965.479   | 113.01    |
| 741   | 2243.683   | 113.351   |
| 742   | 2352.087   | 113.692   |
| 743   | 2117.58    | 114.032   |
| 744   | 2156.172   | 114.373   |
| 745   | 2254.227   | 114.713   |
| 746   | 2214.679   | 115.052   |
| 747   | 2351.33    | 115.39    |
| 748   | 2411.339   | 115.728   |
| 749   | 2390.645   | 116.064   |
| 750   | 2222.118   | 116.398   |
| 751   | 2304.537   | 116.731   |
| 752   | 2024.911   | 117.062   |
| 753   | 2268.433   | 117.391   |
| 754   | 2247.909   | 117.718   |
| 755   | 2172.486   | 118.043   |
| 756   | 2293.148   | 118.364   |
| 757   | 2513.919   | 118.683   |
| 758   | 2263.258   | 118.999   |
| 759   | 2269.805   | 119.311   |
| 760   | 2276.842   | 119.62    |
| 761   | 2477.207   | 119.925   |
| 762   | 2295.367   | 120.227   |
| 763   | 2295.43    | 120.524   |
| 764   | 2409.512   | 120.818   |
| 765   | 2272.064   | 121.107   |
| 766   | 2281.833   | 121.391   |
| 767   | 2313.761   | 121.672   |
| 768   | 2255.953   | 121.948   |
| 769   | 2523.51    | 122.218   |
| 770   | 2272.456   | 122.484   |
| 771   | 2504.295   | 122.744   |
| 772   | 2290.297   | 122.999   |
| 773   | 2322.81    | 123.248   |
| 774   | 2345.953   | 123.491   |
| 775   | 2348.5     | 123.729   |
| 776   | 2328.294   | 123.96    |
| 777   | 2472.368   | 124.185   |
| 778   | 2263.716   | 124.404   |
| 779   | 2306.619   | 124.617   |
| 780   | 2408.937   | 124.822   |
| 781   | 2279.398   | 125.021   |
| 782   | 2496.047   | 125.213   |
| 783   | 2265.283   | 125.399   |
| 784   | 2303.438   | 125.577   |
| 785   | 2745.803   | 125.748   |
| 786   | 2590.594   | 125.912   |
| 787   | 2493.669   | 126.068   |
| 788   | 2500.523   | 126.217   |
| 789   | 2414.015   | 126.358   |
| 790   | 2358.581   | 126.496   |
| 791   | 2614.341   | 126.629   |
| 792   | 2317.685   | 126.754   |
| 793   | 2446.55    | 126.871   |
| 794   | 2439.428   | 126.98    |
| 795   | 2445.835   | 127.08    |
| 796   | 2479.527   | 127.172   |
| 797   | 2508.452   | 127.255   |
| 798   | 2540.246   | 127.33    |
| 799   | 2565.804   | 127.396   |
| 800   | 2531.439   | 127.453   |
| 801   | 2260.273   | 127.502   |
| 802   | 2486.011   | 127.542   |
| 803   | 2572.09    | 127.573   |
| 804   | 2380.549   | 127.595   |
| 805   | 2442.303   | 127.608   |
| 806   | 2434.903   | 127.613   |
| 807   | 2590.461   | 127.608   |
| 808   | 2515.19    | 127.594   |
| 809   | 2438.958   | 127.571   |
| 810   | 2600.055   | 127.539   |
| 811   | 2469.449   | 127.498   |
| 812   | 2717.962   | 127.447   |
| 813   | 2607.615   | 127.387   |
| 814   | 2501.04    | 127.318   |
| 815   | 2491.23    | 127.239   |
| 816   | 2570.46    | 127.152   |
| 817   | 2509.977   | 127.055   |
| 818   | 2343.386   | 126.949   |
| 819   | 2740.937   | 126.834   |
| 820   | 2471.296   | 126.709   |
| 821   | 2478.604   | 126.576   |
| 822   | 2488.14    | 126.433   |
| 823   | 2596.141   | 126.281   |
| 824   | 2545.243   | 126.12    |
| 825   | 2470.656   | 125.95    |
| 826   | 2349.212   | 125.771   |
| 827   | 2668.517   | 125.583   |
| 828   | 2614.965   | 125.386   |
| 829   | 2626.389   | 125.18    |
| 830   | 2409.138   | 124.966   |
| 831   | 2598.919   | 124.743   |
| 832   | 2309.629   | 124.511   |
| 833   | 2450.467   | 124.269   |
| 834   | 2591.01    | 124.02    |
| 835   | 2545.653   | 123.761   |
| 836   | 2370.954   | 123.494   |
| 837   | 2547.252   | 123.218   |
| 838   | 2380.818   | 122.933   |
| 839   | 2457.298   | 122.64    |
| 840   | 2413.689   | 122.339   |
| 841   | 2563.914   | 122.029   |
| 842   | 2545.868   | 121.711   |
| 843   | 2571.826   | 121.384   |
| 844   | 2704.21    | 121.049   |
| 845   | 2391.67    | 120.705   |
| 846   | 2502.113   | 120.354   |
| 847   | 2246.391   | 119.994   |
| 848   | 2435.592   | 119.626   |
| 849   | 2370.417   | 119.251   |
| 850   | 2313.34    | 118.868   |
| 851   | 2500.8     | 118.478   |
| 852   | 2240.553   | 118.08    |
| 853   | 2491.949   | 117.675   |
| 854   | 2452.691   | 117.262   |
| 855   | 2429.976   | 116.843   |
| 856   | 2468.663   | 116.417   |
| 857   | 2280.701   | 115.984   |
| 858   | 2388.625   | 115.544   |
| 859   | 2189.71    | 115.098   |
| 860   | 2470.813   | 114.646   |
| 861   | 2396.975   | 114.187   |
| 862   | 2172.03    | 113.722   |
| 863   | 2314.974   | 113.251   |
| 864   | 2483.317   | 112.774   |
| 865   | 2224.395   | 112.292   |
| 866   | 2388.364   | 111.803   |
| 867   | 2362.413   | 111.31    |
| 868   | 2301.18    | 110.814   |
| 869   | 2077.67    | 110.316   |
| 870   | 2134.923   | 109.813   |
| 871   | 2238.819   | 109.305   |
| 872   | 2207.062   | 108.792   |
| 873   | 2176.701   | 108.275   |
| 874   | 2449.867   | 107.753   |
| 875   | 2164.186   | 107.226   |
| 876   | 2200.14    | 106.696   |
| 877   | 2304.857   | 106.163   |
| 878   | 2057.575   | 105.627   |
| 879   | 2097.168   | 105.088   |
| 880   | 2145.407   | 104.544   |
| 881   | 1981.028   | 103.998   |
| 882   | 2113.029   | 103.448   |
| 883   | 1935.398   | 102.895   |
| 884   | 2000.481   | 102.339   |
| 885   | 2221.766   | 101.78    |
| 886   | 2128.119   | 101.218   |
| 887   | 2152.838   | 100.654   |
| 888   | 2074.247   | 100.088   |
| 889   | 1984.838   | 99.519    |
| 890   | 2100.822   | 98.948    |
| 891   | 2077.624   | 98.376    |
| 892   | 1987.935   | 97.801    |
| 893   | 2096.426   | 97.226    |
| 894   | 1993.035   | 96.648    |
| 895   | 2092.538   | 96.069    |
| 896   | 1833.85    | 95.49     |
| 897   | 1903.727   | 94.909    |
| 898   | 1827.398   | 94.327    |
| 899   | 1744.679   | 93.745    |
| 900   | 2063.845   | 93.162    |
| 901   | 1826.065   | 92.579    |
| 902   | 1859.273   | 91.995    |
| 903   | 2149.859   | 91.412    |
| 904   | 1725.09    | 90.828    |
| 905   | 1747.283   | 90.245    |
| 906   | 1888.112   | 89.662    |
| 907   | 1840.122   | 89.079    |
| 908   | 1830.534   | 88.497    |
| 909   | 1721.383   | 87.916    |
| 910   | 1610.829   | 87.336    |
| 911   | 1902.595   | 86.757    |
| 912   | 1698.451   | 86.18     |
| 913   | 1854.348   | 85.603    |
| 914   | 1661.5     | 85.029    |
| 915   | 1648.898   | 84.455    |
| 916   | 1832.608   | 83.884    |
| 917   | 1771.339   | 83.315    |
| 918   | 1751.787   | 82.748    |
| 919   | 1667.82    | 82.183    |
| 920   | 1799.538   | 81.62     |
| 921   | 1800.13    | 81.06     |
| 922   | 1594.316   | 80.503    |
| 923   | 1598.034   | 79.948    |
| 924   | 1456.607   | 79.396    |
| 925   | 1389.695   | 78.848    |
| 926   | 1710.253   | 78.302    |
| 927   | 1541.779   | 77.76     |
| 928   | 1524.681   | 77.222    |
| 929   | 1683.044   | 76.687    |
| 930   | 1646.093   | 76.156    |
| 931   | 1641.886   | 75.628    |
| 932   | 1628.948   | 75.105    |
| 933   | 1481.484   | 74.586    |
| 934   | 1554.818   | 74.071    |
| 935   | 1376.68    | 73.56     |
| 936   | 1501.946   | 73.053    |
| 937   | 1443.514   | 72.551    |
| 938   | 1426.819   | 72.054    |
| 939   | 1659.103   | 71.561    |
| 940   | 1335.651   | 71.073    |
| 941   | 1436.196   | 70.589    |
| 942   | 1454.507   | 70.11     |
| 943   | 1384.781   | 69.637    |
| 944   | 1345.213   | 69.168    |
| 945   | 1436.273   | 68.705    |
| 946   | 1367.964   | 68.247    |
| 947   | 1293.687   | 67.794    |
| 948   | 1310.461   | 67.346    |
| 949   | 1311.313   | 66.904    |
| 950   | 1408.6     | 66.468    |
| 951   | 1440.766   | 66.037    |
| 952   | 1253.752   | 65.611    |
| 953   | 1345.605   | 65.192    |
| 954   | 1330.527   | 64.778    |
| 955   | 1285.506   | 64.37     |
| 956   | 1296.1     | 63.968    |
| 957   | 1465.773   | 63.572    |
| 958   | 1352.262   | 63.182    |
| 959   | 1237.665   | 62.799    |
| 960   | 1293.325   | 62.421    |
| 961   | 1275.599   | 62.05     |
| 962   | 1225.818   | 61.685    |
| 963   | 1136.416   | 61.326    |
| 964   | 1272.441   | 60.974    |
| 965   | 1115.146   | 60.629    |
| 966   | 1241.237   | 60.29     |
| 967   | 1260.259   | 59.957    |
| 968   | 1293.625   | 59.632    |
| 969   | 1268.809   | 59.312    |
| 970   | 1188.956   | 59.0      |
| 971   | 1225.73    | 58.694    |
| 972   | 1223.342   | 58.394    |
| 973   | 1115.592   | 58.101    |
| 974   | 1118.245   | 57.815    |
| 975   | 1189.785   | 57.536    |
| 976   | 1078.941   | 57.263    |
| 977   | 1116.881   | 56.996    |
| 978   | 1198.793   | 56.737    |
| 979   | 1066.546   | 56.484    |
| 980   | 1125.148   | 56.237    |
| 981   | 1141.941   | 55.998    |
| 982   | 1126.122   | 55.765    |
| 983   | 1123.056   | 55.538    |
| 984   | 1155.578   | 55.319    |
| 985   | 1095.292   | 55.106    |
| 986   | 1156.199   | 54.899    |
| 987   | 1111.665   | 54.699    |
| 988   | 1071.162   | 54.506    |
| 989   | 1125.891   | 54.319    |
| 990   | 971.7      | 54.139    |
| 991   | 1090.157   | 53.965    |
| 992   | 1210.283   | 53.798    |
| 993   | 1156.375   | 53.637    |
| 994   | 1122.498   | 53.482    |
| 995   | 1035.635   | 53.334    |
| 996   | 1006.124   | 53.192    |
| 997   | 1084.451   | 53.057    |
| 998   | 1026.699   | 52.928    |
| 999   | 1050.636   | 52.805    |
| 1000  | 973.854    | 52.689    |
| 1001  | 1045.612   | 52.578    |
| 1002  | 1012.832   | 52.474    |
| 1003  | 1110.731   | 52.376    |
| 1004  | 1017.49    | 52.283    |
| 1005  | 1035.767   | 52.197    |
| 1006  | 998.393    | 52.116    |
| 1007  | 1051.024   | 52.041    |
| 1008  | 972.291    | 51.972    |
| 1009  | 1097.612   | 51.908    |
| 1010  | 1118.099   | 51.85     |
| 1011  | 1068.283   | 51.797    |
| 1012  | 948.454    | 51.749    |
| 1013  | 1084.35    | 51.706    |
| 1014  | 1134.823   | 51.669    |
| 1015  | 1113.432   | 51.637    |
| 1016  | 1060.855   | 51.61     |
| 1017  | 1087.411   | 51.588    |
| 1018  | 950.772    | 51.57     |
| 1019  | 1167.171   | 51.558    |
| 1020  | 979.95     | 51.55     |
| 1021  | 1018.937   | 51.546    |
| 1022  | 1042.307   | 51.547    |
| 1023  | 1002.648   | 51.553    |
| 1024  | 1073.209   | 51.562    |
| 1025  | 979.898    | 51.576    |
| 1026  | 1059.549   | 51.594    |
| 1027  | 970.158    | 51.617    |
| 1028  | 1060.577   | 51.643    |
| 1029  | 1024.675   | 51.673    |
| 1030  | 1008.539   | 51.707    |
| 1031  | 1004.9     | 51.744    |
| 1032  | 1054.74    | 51.785    |
| 1033  | 1070.01    | 51.83     |
| 1034  | 1104.953   | 51.877    |
| 1035  | 1090.741   | 51.929    |
| 1036  | 1012.465   | 51.983    |
| 1037  | 1000.312   | 52.041    |
| 1038  | 1099.073   | 52.101    |
| 1039  | 1096.128   | 52.164    |
| 1040  | 1086.056   | 52.231    |
| 1041  | 1078.665   | 52.299    |
| 1042  | 987.142    | 52.371    |
| 1043  | 997.033    | 52.445    |
| 1044  | 1140.808   | 52.521    |
| 1045  | 1016.304   | 52.599    |
| 1046  | 1068.945   | 52.68     |
| 1047  | 1064.896   | 52.763    |
| 1048  | 1020.357   | 52.847    |
| 1049  | 1168.661   | 52.934    |
| 1050  | 1067.657   | 53.022    |
| 1051  | 1070.964   | 53.112    |
| 1052  | 1121.539   | 53.203    |
| 1053  | 1110.369   | 53.296    |
| 1054  | 1163.371   | 53.39     |
| 1055  | 1048.709   | 53.486    |
| 1056  | 1112.907   | 53.582    |
| 1057  | 1070.562   | 53.68     |
| 1058  | 1178.598   | 53.779    |
| 1059  | 1251.907   | 53.878    |
| 1060  | 1178.262   | 53.978    |
| 1061  | 1084.946   | 54.079    |
| 1062  | 1074.812   | 54.181    |
| 1063  | 1072.563   | 54.282    |
| 1064  | 1003.919   | 54.385    |
| 1065  | 1150.853   | 54.487    |
| 1066  | 1148.958   | 54.59     |
| 1067  | 1154.375   | 54.692    |
| 1068  | 1142.075   | 54.795    |
| 1069  | 1185.238   | 54.897    |
| 1070  | 1128.695   | 54.999    |
| 1071  | 1118.458   | 55.101    |
| 1072  | 1055.954   | 55.203    |
| 1073  | 1149.569   | 55.304    |
| 1074  | 1208.696   | 55.405    |
| 1075  | 1163.973   | 55.505    |
| 1076  | 1224.115   | 55.604    |
| 1077  | 1137.508   | 55.702    |
| 1078  | 1094.452   | 55.8      |
| 1079  | 1229.43    | 55.897    |
| 1080  | 1113.573   | 55.992    |
| 1081  | 1124.844   | 56.087    |
| 1082  | 1228.238   | 56.18     |
| 1083  | 1244.751   | 56.272    |
| 1084  | 1282.87    | 56.363    |
| 1085  | 1204.089   | 56.452    |
| 1086  | 1246.335   | 56.54     |
| 1087  | 1308.603   | 56.626    |
| 1088  | 1045.344   | 56.711    |
| 1089  | 1244.757   | 56.794    |
| 1090  | 1265.284   | 56.875    |
| 1091  | 1185.022   | 56.954    |
| 1092  | 1254.249   | 57.032    |
| 1093  | 1279.163   | 57.108    |
| 1094  | 1143.67    | 57.181    |
| 1095  | 1257.694   | 57.253    |
| 1096  | 1097.76    | 57.323    |
| 1097  | 1203.312   | 57.39     |
| 1098  | 1250.602   | 57.455    |
| 1099  | 1110.098   | 57.518    |
| 1100  | 1289.998   | 57.579    |
| 1101  | 1271.178   | 57.637    |
| 1102  | 1157.196   | 57.693    |
| 1103  | 1275.832   | 57.746    |
| 1104  | 1215.048   | 57.797    |
| 1105  | 1222.551   | 57.845    |
| 1106  | 1079.267   | 57.89     |
| 1107  | 1266.212   | 57.933    |
| 1108  | 1203.083   | 57.974    |
| 1109  | 1180.84    | 58.012    |
| 1110  | 1295.11    | 58.047    |
| 1111  | 1193.675   | 58.079    |
| 1112  | 1206.221   | 58.108    |
| 1113  | 1276.297   | 58.135    |
| 1114  | 1162.505   | 58.159    |
| 1115  | 1117.68    | 58.18     |
| 1116  | 1294.731   | 58.198    |
| 1117  | 1290.842   | 58.213    |
| 1118  | 1266.513   | 58.226    |
| 1119  | 1230.3     | 58.235    |
| 1120  | 1219.596   | 58.241    |
| 1121  | 1216.414   | 58.244    |
| 1122  | 1302.275   | 58.245    |
| 1123  | 1256.596   | 58.242    |
| 1124  | 1191.376   | 58.236    |
| 1125  | 1241.21    | 58.227    |
| 1126  | 1241.672   | 58.215    |
| 1127  | 1320.359   | 58.201    |
| 1128  | 1275.96    | 58.183    |
| 1129  | 1217.469   | 58.163    |
| 1130  | 1218.788   | 58.14     |
| 1131  | 1209.797   | 58.114    |
| 1132  | 1216.453   | 58.085    |
| 1133  | 1241.005   | 58.053    |
| 1134  | 1178.458   | 58.017    |
| 1135  | 1155.707   | 57.978    |
| 1136  | 1298.616   | 57.936    |
| 1137  | 1209.147   | 57.891    |
| 1138  | 1201.587   | 57.843    |
| 1139  | 1124.648   | 57.791    |
| 1140  | 1244.308   | 57.736    |
| 1141  | 1177.197   | 57.677    |
| 1142  | 1243.431   | 57.616    |
| 1143  | 1278.825   | 57.55     |
| 1144  | 1107.4     | 57.482    |
| 1145  | 1296.288   | 57.411    |
| 1146  | 1269.182   | 57.336    |
| 1147  | 1236.155   | 57.258    |
| 1148  | 1322.872   | 57.178    |
| 1149  | 1124.173   | 57.094    |
| 1150  | 1134.103   | 57.007    |
| 1151  | 1235.494   | 56.917    |
| 1152  | 1175.605   | 56.824    |
| 1153  | 1244.916   | 56.728    |
| 1154  | 1141.821   | 56.631    |
| 1155  | 1299.67    | 56.53     |
| 1156  | 1247.904   | 56.426    |
| 1157  | 1268.669   | 56.32     |
| 1158  | 1202.81    | 56.211    |
| 1159  | 1180.121   | 56.099    |
| 1160  | 1142.847   | 55.984    |
| 1161  | 1250.812   | 55.867    |
| 1162  | 1220.396   | 55.747    |
| 1163  | 1121.031   | 55.624    |
| 1164  | 1190.058   | 55.498    |
| 1165  | 1136.118   | 55.37     |
| 1166  | 1168.814   | 55.24     |
| 1167  | 1173.076   | 55.107    |
| 1168  | 1170.506   | 54.971    |
| 1169  | 1106.758   | 54.833    |
| 1170  | 1146.537   | 54.692    |
| 1171  | 1113.708   | 54.55     |
| 1172  | 1087.823   | 54.404    |
| 1173  | 1174.941   | 54.257    |
| 1174  | 1234.242   | 54.107    |
| 1175  | 1120.582   | 53.955    |
| 1176  | 1092.469   | 53.801    |
| 1177  | 1108.699   | 53.645    |
| 1178  | 1141.656   | 53.487    |
| 1179  | 1188.178   | 53.327    |
| 1180  | 1149.389   | 53.165    |
| 1181  | 1101.964   | 53.001    |
| 1182  | 1214.245   | 52.835    |
| 1183  | 1090.951   | 52.668    |
| 1184  | 1139.406   | 52.499    |
| 1185  | 1085.125   | 52.328    |
| 1186  | 1116.38    | 52.155    |
| 1187  | 1140.118   | 51.981    |
| 1188  | 1160.875   | 51.805    |
| 1189  | 1056.761   | 51.628    |
| 1190  | 1099.935   | 51.449    |
| 1191  | 1158.97    | 51.27     |
| 1192  | 1025.57    | 51.089    |
| 1193  | 1099.483   | 50.906    |
| 1194  | 1033.279   | 50.723    |
| 1195  | 1115.027   | 50.538    |
| 1196  | 1096.937   | 50.382    |
| 1197  | 1073.87    | 50.195    |
| 1198  | 1066.417   | 51.257    |
| 1199  | 1001.175   | 51.055    |
| 1200  | 1006.695   | 50.921    |
| 1201  | 990.69     | 50.717    |
| 1202  | 957.84     | 50.513    |
| 1203  | 953.797    | 50.307    |
| 1204  | 1074.361   | 50.102    |
| 1205  | 990.695    | 49.896    |
| 1206  | 1004.342   | 49.689    |
| 1207  | 992.96     | 49.482    |
| 1208  | 950.33     | 49.275    |
| 1209  | 943.192    | 49.067    |
| 1210  | 1042.041   | 48.859    |
| 1211  | 913.829    | 48.652    |
| 1212  | 1038.67    | 48.444    |
| 1213  | 973.9      | 48.236    |
| 1214  | 886.104    | 48.028    |
| 1215  | 1021.534   | 47.821    |
| 1216  | 1036.531   | 47.614    |
| 1217  | 975.838    | 47.407    |
| 1218  | 936.848    | 47.2      |
| 1219  | 1101.559   | 46.994    |
| 1220  | 908.975    | 46.788    |
| 1221  | 926.65     | 46.583    |
| 1222  | 926.997    | 46.379    |
| 1223  | 954.606    | 46.175    |
| 1224  | 950.184    | 45.971    |
| 1225  | 942.68     | 45.769    |
| 1226  | 933.221    | 45.567    |
| 1227  | 933.858    | 45.367    |
| 1228  | 884.413    | 45.167    |
| 1229  | 824.512    | 44.968    |
| 1230  | 961.185    | 44.77     |
| 1231  | 873.675    | 44.574    |
| 1232  | 907.032    | 44.378    |
| 1233  | 885.767    | 44.184    |
| 1234  | 895.895    | 43.991    |
| 1235  | 893.503    | 43.8      |
| 1236  | 876.451    | 43.609    |
| 1237  | 896.606    | 43.421    |
| 1238  | 847.372    | 43.234    |
| 1239  | 871.307    | 43.048    |
| 1240  | 964.876    | 42.864    |
| 1241  | 890.374    | 42.682    |
| 1242  | 915.433    | 42.501    |
| 1243  | 902.291    | 42.322    |
| 1244  | 821.407    | 42.145    |
| 1245  | 861.098    | 41.97     |
| 1246  | 858.97     | 41.796    |
| 1247  | 819.079    | 41.625    |
| 1248  | 892.859    | 41.455    |
| 1249  | 920.34     | 41.287    |
| 1250  | 845.773    | 41.122    |
| 1251  | 816.735    | 40.959    |
| 1252  | 788.413    | 40.797    |
| 1253  | 779.378    | 40.638    |
| 1254  | 900.256    | 40.481    |
| 1255  | 771.872    | 40.326    |
| 1256  | 795.302    | 40.174    |
| 1257  | 814.046    | 40.024    |
| 1258  | 760.622    | 39.876    |
| 1259  | 862.135    | 39.731    |
| 1260  | 791.255    | 39.588    |
| 1261  | 794.185    | 39.447    |
| 1262  | 809.288    | 39.309    |
| 1263  | 781.882    | 39.173    |
| 1264  | 760.002    | 39.04     |
| 1265  | 787.114    | 38.909    |
| 1266  | 720.315    | 38.78     |
| 1267  | 723.097    | 38.655    |
| 1268  | 796.44     | 38.531    |
| 1269  | 815.679    | 38.411    |
| 1270  | 784.514    | 38.293    |
| 1271  | 779.419    | 38.177    |
| 1272  | 788.577    | 38.065    |
| 1273  | 767.505    | 37.955    |
| 1274  | 731.105    | 37.847    |
| 1275  | 744.817    | 37.742    |
| 1276  | 785.695    | 37.64     |
| 1277  | 797.002    | 37.541    |
| 1278  | 752.345    | 37.444    |
| 1279  | 716.297    | 37.35     |
| 1280  | 740.429    | 37.259    |
| 1281  | 739.351    | 37.17     |
| 1282  | 727.151    | 37.084    |
| 1283  | 749.456    | 37.001    |
| 1284  | 750.107    | 36.92     |
| 1285  | 715.634    | 36.842    |
| 1286  | 790.309    | 36.767    |
| 1287  | 694.513    | 36.694    |
| 1288  | 716.258    | 36.625    |
| 1289  | 767.919    | 36.558    |
| 1290  | 820.209    | 36.493    |
| 1291  | 682.052    | 36.432    |
| 1292  | 827.891    | 36.372    |
| 1293  | 775.62     | 36.316    |
| 1294  | 733.596    | 36.262    |
| 1295  | 729.488    | 36.211    |
| 1296  | 755.074    | 36.163    |
| 1297  | 677.973    | 36.117    |
| 1298  | 744.865    | 36.073    |
| 1299  | 748.025    | 36.032    |
| 1300  | 766.958    | 35.994    |
| 1301  | 721.475    | 35.958    |
| 1302  | 740.629    | 35.925    |
| 1303  | 708.671    | 35.894    |
| 1304  | 706.058    | 35.866    |
| 1305  | 774.17     | 35.84     |
| 1306  | 736.747    | 35.817    |
| 1307  | 655.353    | 35.796    |
| 1308  | 654.564    | 35.777    |
| 1309  | 706.012    | 35.761    |
| 1310  | 743.3      | 35.747    |
| 1311  | 755.748    | 35.735    |
| 1312  | 695.626    | 35.726    |
| 1313  | 727.177    | 35.719    |
| 1314  | 723.566    | 35.714    |
| 1315  | 743.03     | 35.711    |
| 1316  | 763.627    | 35.71     |
| 1317  | 739.319    | 35.712    |
| 1318  | 670.475    | 35.715    |
| 1319  | 676.44     | 35.721    |
| 1320  | 722.427    | 35.728    |
| 1321  | 740.551    | 35.738    |
| 1322  | 751.297    | 35.749    |
| 1323  | 668.879    | 35.763    |
| 1324  | 706.532    | 35.778    |
| 1325  | 707.252    | 35.795    |
| 1326  | 694.473    | 35.814    |
| 1327  | 776.47     | 35.834    |
| 1328  | 732.14     | 35.857    |
| 1329  | 740.69     | 35.881    |
| 1330  | 730.669    | 35.906    |
| 1331  | 732.592    | 35.934    |
| 1332  | 686.058    | 35.962    |
| 1333  | 729.272    | 35.992    |
| 1334  | 820.413    | 36.024    |
| 1335  | 690.838    | 36.057    |
| 1336  | 746.26     | 36.092    |
| 1337  | 790.209    | 36.128    |
| 1338  | 729.784    | 36.165    |
| 1339  | 792.59     | 36.203    |
| 1340  | 740.808    | 36.243    |
| 1341  | 767.095    | 36.283    |
| 1342  | 696.164    | 36.325    |
| 1343  | 712.417    | 36.368    |
| 1344  | 733.305    | 36.412    |
| 1345  | 782.435    | 36.457    |
| 1346  | 738.441    | 36.503    |
| 1347  | 712.797    | 36.55     |
| 1348  | 767.494    | 36.597    |
| 1349  | 729.518    | 36.646    |
| 1350  | 753.661    | 36.695    |
| 1351  | 786.441    | 36.745    |
| 1352  | 719.128    | 36.795    |
| 1353  | 758.795    | 36.846    |
| 1354  | 758.166    | 36.898    |
| 1355  | 783.212    | 36.95     |
| 1356  | 828.449    | 37.003    |
| 1357  | 674.244    | 37.056    |
| 1358  | 791.907    | 37.11     |
| 1359  | 772.726    | 37.163    |
| 1360  | 760.584    | 37.218    |
| 1361  | 784.871    | 37.272    |
| 1362  | 772.929    | 37.327    |
| 1363  | 832.284    | 37.381    |
| 1364  | 807.727    | 37.436    |
| 1365  | 743.167    | 37.491    |
| 1366  | 758.134    | 37.546    |
| 1367  | 793.796    | 37.601    |
| 1368  | 730.92     | 37.656    |
| 1369  | 788.198    | 37.711    |
| 1370  | 778.749    | 37.765    |
| 1371  | 768.479    | 37.82     |
| 1372  | 754.208    | 37.874    |
| 1373  | 879.022    | 37.928    |
| 1374  | 796.317    | 37.981    |
| 1375  | 718.644    | 38.035    |
| 1376  | 758.078    | 38.088    |
| 1377  | 728.947    | 38.14     |
| 1378  | 820.811    | 38.192    |
| 1379  | 776.049    | 38.243    |
| 1380  | 730.937    | 38.294    |
| 1381  | 729.217    | 38.344    |
| 1382  | 763.599    | 38.394    |
| 1383  | 801.848    | 38.443    |
| 1384  | 704.914    | 38.491    |
| 1385  | 813.131    | 38.538    |
| 1386  | 817.334    | 38.585    |
| 1387  | 732.655    | 38.631    |
| 1388  | 802.754    | 38.676    |
| 1389  | 796.798    | 38.72     |
| 1390  | 822.255    | 38.763    |
| 1391  | 798.594    | 38.805    |
| 1392  | 851.547    | 38.846    |
| 1393  | 845.151    | 38.886    |
| 1394  | 784.213    | 38.926    |
| 1395  | 801.337    | 38.963    |
| 1396  | 752.938    | 39.0      |
| 1397  | 845.16     | 39.036    |
| 1398  | 881.12     | 39.071    |
| 1399  | 873.978    | 39.104    |
| 1400  | 839.333    | 39.136    |
| 1401  | 844.744    | 39.167    |
| 1402  | 805.459    | 39.196    |
| 1403  | 828.947    | 39.225    |
| 1404  | 787.834    | 39.251    |
| 1405  | 768.903    | 39.277    |
| 1406  | 813.203    | 39.301    |
| 1407  | 843.762    | 39.324    |
| 1408  | 798.444    | 39.345    |
| 1409  | 858.899    | 39.365    |
| 1410  | 849.903    | 39.383    |
| 1411  | 764.183    | 39.4      |
| 1412  | 890.526    | 39.415    |
| 1413  | 788.424    | 39.429    |
| 1414  | 818.949    | 39.441    |
| 1415  | 801.227    | 39.451    |
| 1416  | 779.502    | 39.46     |
| 1417  | 859.663    | 39.468    |
| 1418  | 822.911    | 39.474    |
| 1419  | 830.802    | 39.478    |
| 1420  | 786.81     | 39.48     |
| 1421  | 820.806    | 39.481    |
| 1422  | 841.255    | 39.481    |
| 1423  | 787.909    | 39.478    |
| 1424  | 806.778    | 39.474    |
| 1425  | 796.421    | 39.468    |
| 1426  | 790.929    | 39.461    |
| 1427  | 814.912    | 39.452    |
| 1428  | 760.546    | 39.441    |
| 1429  | 828.273    | 39.428    |
| 1430  | 733.041    | 39.414    |
| 1431  | 827.482    | 39.398    |
| 1432  | 735.927    | 39.38     |
| 1433  | 835.857    | 39.36     |
| 1434  | 771.083    | 39.339    |
| 1435  | 755.398    | 39.316    |
| 1436  | 843.656    | 39.291    |
| 1437  | 780.654    | 39.265    |
| 1438  | 860.952    | 39.236    |
| 1439  | 805.521    | 39.206    |
| 1440  | 811.895    | 39.174    |
| 1441  | 822.145    | 39.141    |
| 1442  | 690.301    | 39.106    |
| 1443  | 745.015    | 39.068    |
| 1444  | 863.149    | 39.03     |
| 1445  | 811.53     | 38.989    |
| 1446  | 788.823    | 38.947    |
| 1447  | 841.164    | 38.903    |
| 1448  | 816.686    | 38.857    |
| 1449  | 802.444    | 38.81     |
| 1450  | 778.883    | 38.761    |
| 1451  | 762.294    | 38.71     |
| 1452  | 752.718    | 38.658    |
| 1453  | 740.431    | 38.604    |
| 1454  | 739.015    | 38.548    |
| 1455  | 809.49     | 38.491    |
| 1456  | 819.444    | 38.432    |
| 1457  | 761.175    | 38.371    |
| 1458  | 770.749    | 38.309    |
| 1459  | 797.941    | 38.246    |
| 1460  | 781.176    | 38.18     |
| 1461  | 789.894    | 38.113    |
| 1462  | 743.027    | 38.045    |
| 1463  | 747.503    | 37.975    |
| 1464  | 722.17     | 37.904    |
| 1465  | 748.494    | 37.831    |
| 1466  | 765.927    | 37.757    |
| 1467  | 749.025    | 37.681    |
| 1468  | 728.256    | 37.604    |
| 1469  | 775.899    | 37.525    |
| 1470  | 745.894    | 37.445    |
| 1471  | 816.861    | 37.364    |
| 1472  | 751.566    | 37.282    |
| 1473  | 760.794    | 37.198    |
| 1474  | 701.633    | 37.112    |
| 1475  | 739.998    | 37.026    |
| 1476  | 733.133    | 36.938    |
| 1477  | 754.354    | 36.849    |
| 1478  | 737.282    | 36.759    |
| 1479  | 686.525    | 36.668    |
| 1480  | 693.349    | 36.576    |
| 1481  | 756.707    | 36.482    |
| 1482  | 778.694    | 36.387    |
| 1483  | 718.266    | 36.292    |
| 1484  | 743.357    | 36.195    |
| 1485  | 760.334    | 36.097    |
| 1486  | 748.306    | 35.999    |
| 1487  | 702.86     | 35.899    |
| 1488  | 793.548    | 35.798    |
| 1489  | 769.752    | 35.697    |
| 1490  | 744.948    | 35.595    |
| 1491  | 657.123    | 35.491    |
| 1492  | 743.273    | 35.387    |
| 1493  | 683.065    | 35.283    |
| 1494  | 684.996    | 35.177    |
| 1495  | 738.432    | 35.071    |
| 1496  | 653.803    | 34.964    |
| 1497  | 691.283    | 34.856    |
| 1498  | 673.984    | 34.748    |
| 1499  | 650.209    | 34.639    |
| 1500  | 738.897    | 34.53     |
| 1501  | 721.297    | 34.42     |
| 1502  | 725.039    | 34.309    |
| 1503  | 725.514    | 34.198    |
| 1504  | 659.023    | 34.087    |
| 1505  | 686.05     | 33.975    |
| 1506  | 696.376    | 33.863    |
| 1507  | 679.286    | 33.751    |
| 1508  | 674.846    | 33.638    |
| 1509  | 721.544    | 33.525    |
| 1510  | 622.937    | 33.412    |
| 1511  | 596.424    | 33.298    |
| 1512  | 698.789    | 33.185    |
| 1513  | 681.145    | 33.071    |
| 1514  | 665.491    | 32.957    |
| 1515  | 610.238    | 32.843    |
| 1516  | 624.297    | 32.729    |
| 1517  | 596.095    | 32.614    |
| 1518  | 643.422    | 32.5      |
| 1519  | 658.366    | 32.386    |
| 1520  | 603.955    | 32.272    |
| 1521  | 619.824    | 32.157    |
| 1522  | 592.599    | 32.043    |
| 1523  | 560.201    | 31.929    |
| 1524  | 569.404    | 31.816    |
| 1525  | 594.115    | 31.702    |
| 1526  | 621.008    | 31.588    |
| 1527  | 563.312    | 31.475    |
| 1528  | 635.259    | 31.362    |
| 1529  | 617.92     | 31.25     |
| 1530  | 565.439    | 31.137    |
| 1531  | 559.41     | 31.025    |
| 1532  | 634.61     | 30.914    |
| 1533  | 588.333    | 30.802    |
| 1534  | 549.547    | 30.691    |
| 1535  | 590.691    | 30.581    |
| 1536  | 544.43     | 30.471    |
| 1537  | 552.576    | 30.362    |
| 1538  | 558.684    | 30.253    |
| 1539  | 588.076    | 30.144    |
| 1540  | 582.844    | 30.037    |
| 1541  | 518.354    | 29.93     |
| 1542  | 609.466    | 29.823    |
| 1543  | 581.766    | 29.717    |
| 1544  | 565.5      | 29.612    |
| 1545  | 547.06     | 29.508    |
| 1546  | 528.011    | 29.404    |
| 1547  | 519.389    | 29.301    |
| 1548  | 501.351    | 29.199    |
| 1549  | 600.135    | 29.097    |
| 1550  | 534.893    | 28.997    |
| 1551  | 559.791    | 28.897    |
| 1552  | 512.683    | 28.798    |
| 1553  | 469.804    | 28.7      |
| 1554  | 519.291    | 28.602    |
| 1555  | 491.272    | 28.506    |
| 1556  | 511.631    | 28.411    |
| 1557  | 520.818    | 28.317    |
| 1558  | 521.159    | 28.223    |
| 1559  | 579.131    | 28.131    |
| 1560  | 498.44     | 28.039    |
| 1561  | 529.002    | 27.949    |
| 1562  | 468.419    | 27.86     |
| 1563  | 536.623    | 27.772    |
| 1564  | 495.519    | 27.684    |
| 1565  | 450.574    | 27.598    |
| 1566  | 515.06     | 27.513    |
| 1567  | 471.321    | 27.43     |
| 1568  | 477.192    | 27.347    |
| 1569  | 496.793    | 27.265    |
| 1570  | 506.778    | 27.185    |
| 1571  | 465.447    | 27.106    |
| 1572  | 441.767    | 27.028    |
| 1573  | 491.85     | 26.951    |
| 1574  | 476.422    | 26.875    |
| 1575  | 447.865    | 26.801    |
| 1576  | 448.999    | 26.728    |
| 1577  | 515.754    | 26.656    |
| 1578  | 438.871    | 26.585    |
| 1579  | 474.485    | 26.516    |
| 1580  | 462.606    | 26.447    |
| 1581  | 481.553    | 26.38     |
| 1582  | 463.268    | 26.315    |
| 1583  | 453.106    | 26.251    |
| 1584  | 466.98     | 26.188    |
| 1585  | 446.988    | 26.126    |
| 1586  | 454.366    | 26.065    |
| 1587  | 504.892    | 26.006    |
| 1588  | 464.027    | 25.948    |
| 1589  | 407.737    | 25.892    |
| 1590  | 375.561    | 25.837    |
| 1591  | 456.996    | 25.783    |
| 1592  | 458.71     | 25.73     |
| 1593  | 432.939    | 25.679    |
| 1594  | 420.752    | 25.629    |
| 1595  | 445.082    | 25.581    |
| 1596  | 444.151    | 25.533    |
| 1597  | 457.834    | 25.488    |
| 1598  | 431.218    | 25.443    |
| 1599  | 428.535    | 25.4      |
| 1600  | 403.868    | 25.358    |
| 1601  | 417.018    | 25.317    |
| 1602  | 400.146    | 25.278    |
| 1603  | 376.031    | 25.24     |
| 1604  | 422.692    | 25.203    |
| 1605  | 488.988    | 25.168    |
| 1606  | 466.405    | 25.134    |
| 1607  | 381.413    | 25.101    |
| 1608  | 387.261    | 25.07     |
| 1609  | 432.53     | 25.04     |
| 1610  | 363.0      | 25.011    |
| 1611  | 398.155    | 24.983    |
| 1612  | 445.559    | 24.957    |
| 1613  | 397.296    | 24.932    |
| 1614  | 387.185    | 24.908    |
| 1615  | 427.351    | 24.886    |
| 1616  | 395.152    | 24.865    |
| 1617  | 398.674    | 24.845    |
| 1618  | 392.191    | 24.826    |
| 1619  | 403.878    | 24.809    |
| 1620  | 415.838    | 24.792    |
| 1621  | 421.803    | 24.777    |
| 1622  | 381.58     | 24.763    |
| 1623  | 401.452    | 24.751    |
| 1624  | 382.508    | 24.739    |
| 1625  | 393.878    | 24.729    |
| 1626  | 412.432    | 24.72     |
| 1627  | 421.49     | 24.712    |
| 1628  | 414.659    | 24.705    |
| 1629  | 389.618    | 24.699    |
| 1630  | 375.037    | 24.694    |
| 1631  | 379.141    | 24.69     |
| 1632  | 409.917    | 24.688    |
| 1633  | 404.617    | 24.686    |
| 1634  | 402.624    | 24.686    |
| 1635  | 355.978    | 24.687    |
| 1636  | 366.876    | 24.688    |
| 1637  | 413.247    | 24.691    |
| 1638  | 426.738    | 24.694    |
| 1639  | 395.828    | 24.699    |
| 1640  | 418.164    | 24.705    |
| 1641  | 406.46     | 24.711    |
| 1642  | 343.55     | 24.718    |
| 1643  | 369.774    | 24.727    |
| 1644  | 421.955    | 24.736    |
| 1645  | 360.641    | 24.746    |
| 1646  | 388.731    | 24.757    |
| 1647  | 368.55     | 24.769    |
| 1648  | 396.858    | 24.782    |
| 1649  | 370.909    | 24.795    |
| 1650  | 417.499    | 24.81     |
| 1651  | 445.058    | 24.825    |
| 1652  | 368.966    | 24.841    |
| 1653  | 371.054    | 24.857    |
| 1654  | 375.12     | 24.874    |
| 1655  | 407.292    | 24.892    |
| 1656  | 370.221    | 24.911    |
| 1657  | 391.493    | 24.931    |
| 1658  | 390.441    | 24.951    |
| 1659  | 384.925    | 24.971    |
| 1660  | 417.076    | 24.993    |
| 1661  | 412.208    | 25.014    |
| 1662  | 354.671    | 25.037    |
| 1663  | 409.503    | 25.06     |
| 1664  | 360.948    | 25.084    |
| 1665  | 403.172    | 25.108    |
| 1666  | 433.914    | 25.132    |
| 1667  | 380.519    | 25.158    |
| 1668  | 365.988    | 25.183    |
| 1669  | 388.153    | 25.209    |
| 1670  | 387.494    | 25.236    |
| 1671  | 394.302    | 25.263    |
| 1672  | 388.057    | 25.29     |
| 1673  | 362.018    | 25.318    |
| 1674  | 425.6      | 25.346    |
| 1675  | 344.724    | 25.374    |
| 1676  | 395.261    | 25.403    |
| 1677  | 385.02     | 25.432    |
| 1678  | 402.157    | 25.462    |
| 1679  | 356.064    | 25.491    |
| 1680  | 395.561    | 25.521    |
| 1681  | 396.298    | 25.551    |
| 1682  | 338.085    | 25.582    |
| 1683  | 396.908    | 25.613    |
| 1684  | 390.983    | 25.643    |
| 1685  | 403.751    | 25.674    |
| 1686  | 356.012    | 25.706    |
| 1687  | 389.585    | 25.737    |
| 1688  | 368.565    | 25.768    |
| 1689  | 380.479    | 25.8      |
| 1690  | 369.801    | 25.832    |
| 1691  | 368.952    | 25.863    |
| 1692  | 392.426    | 25.895    |
| 1693  | 381.381    | 25.927    |
| 1694  | 399.61     | 25.959    |
| 1695  | 395.318    | 25.991    |
| 1696  | 382.098    | 26.023    |
| 1697  | 392.529    | 26.055    |
| 1698  | 413.361    | 26.087    |
| 1699  | 341.156    | 26.119    |
| 1700  | 377.711    | 26.15     |
| 1701  | 429.266    | 26.182    |
| 1702  | 438.697    | 26.214    |
| 1703  | 400.235    | 26.245    |
| 1704  | 408.094    | 26.277    |
| 1705  | 416.824    | 26.308    |
| 1706  | 429.779    | 26.339    |
| 1707  | 387.405    | 26.37     |
| 1708  | 364.286    | 26.401    |
| 1709  | 427.504    | 26.432    |
| 1710  | 399.321    | 26.462    |
| 1711  | 411.907    | 26.493    |
| 1712  | 348.809    | 26.523    |
| 1713  | 409.442    | 26.553    |
| 1714  | 408.324    | 26.582    |
| 1715  | 377.449    | 26.612    |
| 1716  | 346.912    | 26.641    |
| 1717  | 422.595    | 26.67     |
| 1718  | 407.329    | 26.698    |
| 1719  | 373.68     | 26.727    |
| 1720  | 393.871    | 26.755    |
| 1721  | 382.056    | 26.783    |
| 1722  | 424.617    | 26.81     |
| 1723  | 422.539    | 26.837    |
| 1724  | 363.632    | 26.864    |
| 1725  | 386.102    | 26.89     |
| 1726  | 445.309    | 26.917    |
| 1727  | 361.337    | 26.942    |
| 1728  | 406.492    | 26.968    |
| 1729  | 363.003    | 26.993    |
| 1730  | 388.572    | 27.018    |
| 1731  | 431.089    | 27.042    |
| 1732  | 416.358    | 27.066    |
| 1733  | 390.692    | 27.09     |
| 1734  | 405.38     | 27.113    |
| 1735  | 429.109    | 27.136    |
| 1736  | 435.949    | 27.158    |
| 1737  | 406.554    | 27.18     |
| 1738  | 377.487    | 27.202    |
| 1739  | 394.986    | 27.223    |
| 1740  | 402.392    | 27.244    |
| 1741  | 472.586    | 27.264    |
| 1742  | 388.778    | 27.284    |
| 1743  | 376.98     | 27.303    |
| 1744  | 352.04     | 27.322    |
| 1745  | 389.556    | 27.341    |
| 1746  | 340.388    | 27.359    |
| 1747  | 405.008    | 27.377    |
| 1748  | 423.934    | 27.394    |
| 1749  | 344.267    | 27.411    |
| 1750  | 395.506    | 27.428    |
| 1751  | 365.806    | 27.444    |
| 1752  | 343.632    | 27.46     |
| 1753  | 356.634    | 27.475    |
| 1754  | 361.418    | 27.489    |
| 1755  | 364.848    | 27.504    |
| 1756  | 403.824    | 27.518    |
| 1757  | 381.38     | 27.531    |
| 1758  | 390.103    | 27.544    |
| 1759  | 405.474    | 27.557    |
| 1760  | 381.036    | 27.569    |
| 1761  | 384.943    | 27.581    |
| 1762  | 326.442    | 27.592    |
| 1763  | 398.557    | 27.603    |
| 1764  | 393.075    | 27.613    |
| 1765  | 383.192    | 27.624    |
| 1766  | 378.833    | 27.633    |
| 1767  | 375.898    | 27.642    |
| 1768  | 405.927    | 27.651    |
| 1769  | 382.718    | 27.66     |
| 1770  | 371.821    | 27.668    |
| 1771  | 374.902    | 27.676    |
| 1772  | 418.712    | 27.683    |
| 1773  | 349.011    | 27.69     |
| 1774  | 320.848    | 27.696    |
| 1775  | 372.096    | 27.703    |
| 1776  | 384.122    | 27.709    |
| 1777  | 365.977    | 27.714    |
| 1778  | 351.878    | 27.719    |
| 1779  | 397.929    | 27.724    |
| 1780  | 398.384    | 27.729    |
| 1781  | 358.794    | 27.733    |
| 1782  | 338.738    | 27.737    |
| 1783  | 341.15     | 27.74     |
| 1784  | 399.51     | 27.743    |
| 1785  | 412.967    | 27.746    |
| 1786  | 369.225    | 27.749    |
| 1787  | 366.105    | 27.751    |
| 1788  | 352.883    | 27.753    |
| 1789  | 414.622    | 27.755    |
| 1790  | 372.017    | 27.757    |
| 1791  | 361.318    | 27.758    |
| 1792  | 344.206    | 27.759    |
| 1793  | 379.667    | 27.76     |
| 1794  | 388.349    | 27.76     |
| 1795  | 373.271    | 27.761    |
| 1796  | 383.469    | 27.761    |
| 1797  | 366.329    | 27.761    |
| 1798  | 352.556    | 27.761    |
| 1799  | 393.633    | 27.76     |
| 1800  | 355.771    | 27.76     |
| 1801  | 346.684    | 27.759    |
| 1802  | 359.614    | 27.758    |
| 1803  | 322.404    | 27.757    |
| 1804  | 354.141    | 27.756    |
| 1805  | 357.458    | 27.754    |
| 1806  | 347.319    | 27.753    |
| 1807  | 338.869    | 27.751    |
| 1808  | 346.52     | 27.749    |
| 1809  | 343.521    | 27.748    |
| 1810  | 381.004    | 27.746    |
| 1811  | 305.094    | 27.744    |
| 1812  | 397.791    | 27.742    |
| 1813  | 358.804    | 27.74     |
| 1814  | 300.806    | 27.738    |
| 1815  | 342.019    | 27.736    |
| 1816  | 360.572    | 27.734    |
| 1817  | 319.916    | 27.731    |
| 1818  | 347.113    | 27.729    |
| 1819  | 296.113    | 27.727    |
| 1820  | 334.17     | 27.725    |
| 1821  | 343.09     | 27.723    |
| 1822  | 303.442    | 27.721    |
| 1823  | 329.057    | 27.719    |
| 1824  | 350.283    | 27.717    |
| 1825  | 382.885    | 27.715    |
| 1826  | 325.482    | 27.714    |
| 1827  | 298.311    | 27.712    |
| 1828  | 348.787    | 27.71     |
| 1829  | 316.765    | 27.709    |
| 1830  | 312.135    | 27.707    |
| 1831  | 282.058    | 27.706    |
| 1832  | 300.188    | 27.705    |
| 1833  | 314.96     | 27.704    |
| 1834  | 306.05     | 27.704    |
| 1835  | 345.377    | 27.703    |
| 1836  | 344.529    | 27.703    |
| 1837  | 294.072    | 27.702    |
| 1838  | 261.42     | 27.702    |
| 1839  | 346.906    | 27.703    |
| 1840  | 297.636    | 27.703    |
| 1841  | 362.58     | 27.704    |
| 1842  | 299.695    | 27.705    |
| 1843  | 280.047    | 27.706    |
| 1844  | 309.247    | 27.707    |
| 1845  | 306.241    | 27.709    |
| 1846  | 280.27     | 27.711    |
| 1847  | 297.168    | 27.713    |
| 1848  | 302.17     | 27.716    |
| 1849  | 306.435    | 27.719    |
| 1850  | 324.102    | 27.722    |
| 1851  | 286.657    | 27.725    |
| 1852  | 362.644    | 27.729    |
| 1853  | 322.4      | 27.733    |
| 1854  | 326.73     | 27.738    |
| 1855  | 310.796    | 27.743    |
| 1856  | 241.848    | 27.748    |
| 1857  | 297.202    | 27.754    |
| 1858  | 277.227    | 27.76     |
| 1859  | 317.159    | 27.766    |
| 1860  | 297.437    | 27.773    |
| 1861  | 309.746    | 27.78     |
| 1862  | 295.967    | 27.787    |
| 1863  | 242.263    | 27.795    |
| 1864  | 272.075    | 27.804    |
| 1865  | 265.428    | 27.813    |
| 1866  | 274.648    | 27.822    |
| 1867  | 276.833    | 27.832    |
| 1868  | 284.941    | 27.842    |
| 1869  | 242.522    | 27.853    |
| 1870  | 286.067    | 27.864    |
| 1871  | 283.828    | 27.875    |
| 1872  | 269.1      | 27.887    |
| 1873  | 268.724    | 27.9      |
| 1874  | 289.728    | 27.913    |
| 1875  | 256.479    | 27.926    |
| 1876  | 268.974    | 27.94     |
| 1877  | 267.854    | 27.955    |
| 1878  | 287.186    | 27.97     |
| 1879  | 245.669    | 27.985    |
| 1880  | 313.059    | 28.001    |
| 1881  | 315.132    | 28.018    |
| 1882  | 262.501    | 28.035    |
| 1883  | 286.166    | 28.052    |
| 1884  | 271.835    | 28.071    |
| 1885  | 224.216    | 28.089    |
| 1886  | 263.887    | 28.108    |
| 1887  | 232.363    | 28.128    |
| 1888  | 254.756    | 28.148    |
| 1889  | 269.481    | 28.169    |
| 1890  | 266.953    | 28.191    |
| 1891  | 191.733    | 28.212    |
| 1892  | 298.301    | 28.235    |
| 1893  | 281.648    | 28.258    |
| 1894  | 247.14     | 28.282    |
| 1895  | 237.554    | 28.306    |
| 1896  | 253.86     | 28.331    |
| 1897  | 202.369    | 28.356    |
| 1898  | 242.925    | 28.382    |
| 1899  | 250.699    | 28.408    |
| 1900  | 269.199    | 28.435    |
| 1901  | 248.147    | 28.463    |
| 1902  | 300.804    | 28.491    |
| 1903  | 213.728    | 28.52     |
| 1904  | 220.651    | 28.549    |
| 1905  | 254.768    | 28.579    |
| 1906  | 197.621    | 28.609    |
| 1907  | 247.121    | 28.641    |
| 1908  | 273.267    | 28.672    |
| 1909  | 246.942    | 28.704    |
| 1910  | 267.106    | 28.737    |
| 1911  | 251.037    | 28.77     |
| 1912  | 266.339    | 28.804    |
| 1913  | 214.358    | 28.839    |
| 1914  | 276.139    | 28.874    |
| 1915  | 263.707    | 28.91     |
| 1916  | 259.809    | 28.946    |
| 1917  | 232.885    | 28.983    |
| 1918  | 217.65     | 29.02     |
| 1919  | 232.75     | 29.058    |
| 1920  | 253.151    | 29.096    |
| 1921  | 305.367    | 29.135    |
| 1922  | 277.847    | 29.175    |
| 1923  | 237.26     | 29.215    |
| 1924  | 251.417    | 29.256    |
| 1925  | 206.58     | 29.297    |
| 1926  | 232.168    | 29.339    |
| 1927  | 300.18     | 29.381    |
| 1928  | 275.429    | 29.424    |
| 1929  | 264.67     | 29.468    |
| 1930  | 244.54     | 29.512    |
| 1931  | 288.819    | 29.556    |
| 1932  | 219.082    | 29.601    |
| 1933  | 141.644    | 29.647    |
| 1934  | 228.868    | 29.693    |
| 1935  | 205.8      | 29.74     |
| 1936  | 280.23     | 29.787    |
| 1937  | 269.027    | 29.835    |
| 1938  | 241.855    | 29.883    |
| 1939  | 241.276    | 29.931    |
| 1940  | 277.36     | 29.981    |
| 1941  | 268.799    | 30.03     |
| 1942  | 234.311    | 30.08     |
| 1943  | 197.264    | 30.131    |
| 1944  | 290.848    | 30.182    |
| 1945  | 208.552    | 30.234    |
| 1946  | 160.421    | 30.286    |
| 1947  | 259.807    | 30.338    |
| 1948  | 201.682    | 30.391    |
| 1949  | 195.378    | 30.445    |
| 1950  | 240.231    | 30.499    |
| 1951  | 217.211    | 30.553    |
| 1952  | 236.833    | 30.608    |
| 1953  | 238.151    | 30.663    |
| 1954  | 222.495    | 30.719    |
| 1955  | 274.031    | 30.775    |
| 1956  | 209.874    | 30.832    |
| 1957  | 275.459    | 30.889    |
| 1958  | 196.103    | 30.946    |
| 1959  | 271.201    | 31.004    |
| 1960  | 187.939    | 31.062    |
| 1961  | 261.58     | 31.12     |
| 1962  | 282.224    | 31.179    |
| 1963  | 233.648    | 31.239    |
| 1964  | 233.837    | 31.298    |
| 1965  | 295.635    | 31.358    |
| 1966  | 177.232    | 31.419    |
| 1967  | 183.992    | 31.48     |
| 1968  | 264.236    | 31.541    |
| 1969  | 239.316    | 31.602    |
| 1970  | 202.176    | 31.664    |
| 1971  | 251.354    | 31.726    |
| 1972  | 266.079    | 31.789    |
| 1973  | 173.095    | 31.852    |
| 1974  | 224.439    | 31.915    |
| 1975  | 234.217    | 31.978    |
| 1976  | 235.139    | 32.042    |
| 1977  | 254.782    | 32.106    |
| 1978  | 206.766    | 32.17     |
| 1979  | 199.094    | 32.235    |
| 1980  | 283.919    | 32.3      |
| 1981  | 232.847    | 32.365    |
| 1982  | 168.167    | 32.431    |
| 1983  | 173.098    | 32.496    |
| 1984  | 226.017    | 32.562    |
| 1985  | 250.933    | 32.629    |
| 1986  | 171.58     | 32.695    |
| 1987  | 192.576    | 32.762    |
| 1988  | 287.274    | 32.829    |
| 1989  | 274.884    | 32.896    |
| 1990  | 159.291    | 32.963    |
| 1991  | 253.46     | 33.031    |
| 1992  | 192.888    | 33.099    |
| 1993  | 170.869    | 33.167    |
| 1994  | 248.99     | 33.235    |
| 1995  | 278.155    | 33.31     |
| 1996  | 230.052    | 33.378    |
| 1997  | 307.655    | 35.196    |
| 1998  | 264.084    | 35.265    |
| 1999  | 232.357    | 35.385    |
| 2000  | 298.683    | 35.454    |
| 2001  | 283.165    | 35.523    |
| 2002  | 234.628    | 35.593    |
| 2003  | 222.899    | 35.662    |
| 2004  | 270.159    | 35.732    |
| 2005  | 197.396    | 35.802    |
| 2006  | 224.223    | 35.872    |
| 2007  | 248.689    | 35.942    |
| 2008  | 210.111    | 36.013    |
| 2009  | 236.94     | 36.083    |
| 2010  | 205.992    | 36.154    |
| 2011  | 161.69     | 36.224    |
| 2012  | 226.385    | 36.295    |
| 2013  | 253.031    | 36.366    |
| 2014  | 178.554    | 36.437    |
| 2015  | 204.004    | 36.508    |
| 2016  | 261.796    | 36.579    |
| 2017  | 218.986    | 36.65     |
| 2018  | 273.332    | 36.721    |
| 2019  | 270.928    | 36.793    |
| 2020  | 200.082    | 36.864    |
| 2021  | 192.107    | 36.936    |
| 2022  | 198.497    | 37.007    |
| 2023  | 291.507    | 37.079    |
| 2024  | 193.769    | 37.151    |
| 2025  | 213.25     | 37.222    |
| 2026  | 224.422    | 37.294    |
| 2027  | 259.514    | 37.366    |
| 2028  | 212.53     | 37.438    |
| 2029  | 291.419    | 37.51     |
| 2030  | 224.527    | 37.582    |
| 2031  | 237.16     | 37.654    |
| 2032  | 236.274    | 37.726    |
| 2033  | 206.964    | 37.798    |
| 2034  | 217.744    | 37.87     |
| 2035  | 337.785    | 37.942    |
| 2036  | 243.221    | 38.014    |
| 2037  | 192.174    | 38.086    |
| 2038  | 257.801    | 38.159    |
| 2039  | 197.813    | 38.231    |
| 2040  | 190.869    | 38.303    |
| 2041  | 223.282    | 38.375    |
| 2042  | 194.413    | 38.448    |
| 2043  | 249.36     | 38.52     |
| 2044  | 279.232    | 38.592    |
| 2045  | 195.425    | 38.664    |
| 2046  | 260.83     | 38.737    |
| 2047  | 242.48     | 38.809    |
| 2048  | 236.834    | 38.881    |
| 2049  | 224.247    | 38.954    |
| 2050  | 238.715    | 39.026    |
| 2051  | 198.582    | 39.099    |
| 2052  | 212.49     | 39.171    |
| 2053  | 219.381    | 39.243    |
| 2054  | 224.088    | 39.316    |
| 2055  | 162.461    | 39.388    |
| 2056  | 211.811    | 39.46     |
| 2057  | 262.637    | 39.533    |
| 2058  | 197.395    | 39.605    |
| 2059  | 193.371    | 39.678    |
| 2060  | 221.095    | 39.75     |
| 2061  | 236.778    | 39.822    |
| 2062  | 259.513    | 39.895    |
| 2063  | 246.53     | 39.967    |
| 2064  | 162.238    | 40.04     |
| 2065  | 216.105    | 40.112    |
| 2066  | 163.542    | 40.185    |
| 2067  | 234.429    | 40.257    |
| 2068  | 240.822    | 40.33     |
| 2069  | 214.083    | 40.402    |
| 2070  | 259.64     | 40.475    |
| 2071  | 247.551    | 40.547    |
| 2072  | 129.818    | 40.62     |
| 2073  | 239.04     | 40.693    |
| 2074  | 224.482    | 40.765    |
| 2075  | 153.572    | 40.838    |
| 2076  | 227.368    | 40.911    |
| 2077  | 238.365    | 40.983    |
| 2078  | 189.42     | 41.056    |
| 2079  | 142.151    | 41.129    |
| 2080  | 237.946    | 41.202    |
| 2081  | 170.12     | 41.274    |
| 2082  | 205.967    | 41.347    |
| 2083  | 222.194    | 41.42     |
| 2084  | 251.694    | 41.493    |
| 2085  | 194.472    | 41.566    |
| 2086  | 199.92     | 41.64     |
| 2087  | 204.221    | 41.713    |
| 2088  | 241.245    | 41.786    |
| 2089  | 266.815    | 41.859    |
| 2090  | 231.337    | 41.933    |
| 2091  | 209.506    | 42.006    |
| 2092  | 230.97     | 42.079    |
| 2093  | 122.608    | 42.153    |
| 2094  | 211.409    | 42.227    |
| 2095  | 256.837    | 42.3      |
| 2096  | 213.394    | 42.374    |
| 2097  | 245.778    | 42.448    |
| 2098  | 234.728    | 42.522    |
| 2099  | 276.569    | 42.596    |
| 2100  | 194.296    | 42.671    |
| 2101  | 173.994    | 42.745    |
| 2102  | 113.126    | 42.819    |
| 2103  | 225.755    | 42.894    |
| 2104  | 274.99     | 42.969    |
| 2105  | 162.382    | 43.043    |
| 2106  | 196.332    | 43.118    |
| 2107  | 169.498    | 43.193    |
| 2108  | 96.616     | 43.269    |
| 2109  | 205.527    | 43.344    |
| 2110  | 152.193    | 43.42     |
| 2111  | 189.666    | 43.495    |
| 2112  | 150.377    | 43.571    |
| 2113  | 254.492    | 43.647    |
| 2114  | 167.968    | 43.723    |
| 2115  | 216.924    | 43.799    |
| 2116  | 188.36     | 43.876    |
| 2117  | 256.396    | 43.952    |
| 2118  | 131.284    | 44.029    |
| 2119  | 245.24     | 44.106    |
| 2120  | 240.317    | 44.183    |
| 2121  | 186.474    | 44.261    |
| 2122  | 187.227    | 44.338    |
| 2123  | 189.535    | 44.416    |
| 2124  | 218.348    | 44.494    |
| 2125  | 248.659    | 44.572    |
| 2126  | 225.155    | 44.651    |
| 2127  | 164.8      | 44.729    |
| 2128  | 176.721    | 44.808    |
| 2129  | 305.202    | 44.887    |
| 2130  | 146.982    | 44.967    |
| 2131  | 193.043    | 45.046    |
| 2132  | 148.008    | 45.126    |
| 2133  | 185.584    | 45.206    |
| 2134  | 148.007    | 45.286    |
| 2135  | 166.852    | 45.367    |
| 2136  | 117.846    | 45.448    |
| 2137  | 161.442    | 45.529    |
| 2138  | 255.362    | 45.611    |
| 2139  | 90.872     | 45.692    |
| 2140  | 240.298    | 45.774    |
| 2141  | 165.398    | 45.857    |
| 2142  | 136.044    | 45.939    |
| 2143  | 283.537    | 46.022    |
| 2144  | 238.673    | 46.105    |
| 2145  | 198.051    | 46.189    |
| 2146  | 253.375    | 46.273    |
| 2147  | 214.475    | 46.357    |
| 2148  | 149.418    | 46.441    |
| 2149  | 214.412    | 46.526    |
| 2150  | 178.659    | 46.611    |
| 2151  | 133.193    | 46.697    |
| 2152  | 122.605    | 46.783    |
| 2153  | 160.485    | 46.869    |
| 2154  | 191.376    | 46.955    |
| 2155  | 142.916    | 47.042    |
| 2156  | 206.581    | 47.13     |
| 2157  | 176.225    | 47.217    |
| 2158  | 136.283    | 47.305    |
| 2159  | 136.528    | 47.394    |
| 2160  | 128.484    | 47.482    |
| 2161  | 147.146    | 47.572    |
| 2162  | 175.129    | 47.661    |
| 2163  | 202.252    | 47.751    |
| 2164  | 235.703    | 47.841    |
| 2165  | 124.719    | 47.932    |
| 2166  | 106.473    | 48.023    |
| 2167  | 273.82     | 48.115    |
| 2168  | 145.618    | 48.207    |
| 2169  | 152.296    | 48.299    |
| 2170  | 178.176    | 48.392    |
| 2171  | 98.396     | 48.485    |
| 2172  | 135.221    | 48.579    |
| 2173  | 234.209    | 48.673    |
| 2174  | 165.839    | 48.767    |
| 2175  | 126.161    | 48.862    |
| 2176  | 96.907     | 48.958    |
| 2177  | 154.044    | 49.054    |
| 2178  | 229.402    | 49.15     |
| 2179  | 162.469    | 49.247    |
| 2180  | 114.253    | 49.344    |
| 2181  | 236.472    | 49.442    |
| 2182  | 135.113    | 49.54     |
| 2183  | 69.631     | 49.638    |
| 2184  | 77.288     | 49.738    |
| 2185  | 145.321    | 49.837    |
| 2186  | 164.678    | 49.937    |
| 2187  | 154.358    | 50.038    |
| 2188  | 127.876    | 50.139    |
| 2189  | 75.692     | 50.24     |
| 2190  | 173.323    | 50.342    |
| 2191  | 63.607     | 50.445    |
| 2192  | 72.083     | 50.548    |
| 2193  | 156.995    | 50.651    |
| 2194  | 123.999    | 50.755    |
| 2195  | 158.815    | 50.86     |
| 2196  | 173.68     | 50.965    |
| 2197  | 103.842    | 51.07     |
| 2198  | 113.279    | 51.177    |
| 2199  | 163.88     | 51.283    |
| 2200  | 188.383    | 51.39     |
| 2201  | 63.551     | 51.498    |
| 2202  | 176.853    | 51.606    |
| 2203  | 193.448    | 51.715    |
| 2204  | 32.022     | 51.824    |
| 2205  | 134.346    | 51.933    |
| 2206  | 216.656    | 52.044    |
| 2207  | 240.893    | 52.154    |
| 2208  | 132.151    | 52.266    |
| 2209  | 192.176    | 52.378    |
| 2210  | 102.18     | 52.49     |
| 2211  | 129.91     | 52.603    |
| 2212  | 111.026    | 52.716    |
| 2213  | 114.96     | 52.83     |
| 2214  | 158.426    | 52.945    |
| 2215  | 145.552    | 53.06     |
| 2216  | 115.956    | 53.176    |
| 2217  | 144.446    | 53.292    |
| 2218  | 170.431    | 53.408    |
| 2219  | 129.11     | 53.526    |
| 2220  | 148.231    | 53.644    |
| 2221  | 175.829    | 53.762    |
| 2222  | 160.563    | 53.881    |
| 2223  | 118.017    | 54.0      |
| 2224  | 151.997    | 54.12     |
| 2225  | 37.836     | 54.241    |
| 2226  | 100.384    | 54.362    |
| 2227  | 176.353    | 54.484    |
| 2228  | 137.485    | 54.606    |
| 2229  | 130.469    | 54.729    |
| 2230  | 49.942     | 54.852    |
| 2231  | 62.358     | 54.976    |
| 2232  | 168.808    | 55.101    |
| 2233  | 113.671    | 55.226    |
| 2234  | 197.782    | 55.351    |
| 2235  | 148.274    | 55.477    |
| 2236  | 36.843     | 55.604    |
| 2237  | 161.236    | 55.731    |
| 2238  | 129.758    | 55.859    |
| 2239  | 148.778    | 55.987    |
| 2240  | 137.78     | 56.117    |
| 2241  | 103.326    | 56.246    |
| 2242  | 139.932    | 56.376    |
| 2243  | 109.216    | 56.507    |
| 2244  | 156.705    | 56.638    |
| 2245  | 158.451    | 56.77     |
| 2246  | 26.092     | 56.902    |
| 2247  | 120.562    | 57.035    |
| 2248  | 94.82      | 57.169    |
| 2249  | 108.333    | 57.303    |
| 2250  | 211.088    | 57.437    |
| 2251  | 105.506    | 57.572    |
| 2252  | 70.877     | 57.708    |
| 2253  | 154.818    | 57.844    |
| 2254  | 119.49     | 57.981    |
| 2255  | 164.015    | 58.118    |
| 2256  | 128.563    | 58.256    |
| 2257  | 161.723    | 58.395    |
| 2258  | 49.428     | 58.534    |
| 2259  | 83.625     | 58.673    |
| 2260  | 108.657    | 58.814    |
| 2261  | 183.415    | 58.954    |
| 2262  | 69.394     | 59.096    |
| 2263  | 215.794    | 59.237    |
| 2264  | 136.236    | 59.38     |
| 2265  | 53.496     | 59.523    |
| 2266  | 72.308     | 59.666    |
| 2267  | 80.857     | 59.81     |
| 2268  | 74.24      | 59.955    |
| 2269  | 153.293    | 60.1      |
| 2270  | 157.056    | 60.245    |
| 2271  | 68.197     | 60.391    |
| 2272  | 125.424    | 60.538    |
| 2273  | 148.893    | 60.686    |
| 2274  | 64.449     | 60.833    |
| 2275  | 203.594    | 60.982    |
| 2276  | 68.526     | 61.131    |
| 2277  | 63.9       | 61.28     |
| 2278  | 165.944    | 61.43     |
| 2279  | 54.683     | 61.58     |
| 2280  | 154.578    | 61.731    |
| 2281  | 118.67     | 61.883    |
| 2282  | 219.097    | 62.035    |
| 2283  | 76.836     | 62.188    |
| 2284  | 55.727     | 62.341    |
| 2285  | 164.779    | 62.495    |
| 2286  | 75.894     | 62.649    |
| 2287  | 105.593    | 62.804    |
| 2288  | 118.226    | 62.959    |
| 2289  | 74.429     | 63.115    |
| 2290  | 89.426     | 63.271    |
| 2291  | 165.168    | 63.428    |
| 2292  | 119.063    | 63.585    |
| 2293  | 139.198    | 63.743    |
| 2294  | 140.553    | 63.902    |
| 2295  | 127.878    | 64.061    |
| 2296  | 102.424    | 64.22     |
| 2297  | 71.137     | 64.38     |
| 2298  | 147.13     | 64.54     |
| 2299  | 109.311    | 64.702    |
| 2300  | 112.922    | 64.863    |
| 2301  | 251.335    | 65.025    |
| 2302  | 16.235     | 65.188    |
| 2303  | 88.96      | 65.351    |
| 2304  | 175.256    | 65.514    |
| 2305  | -21.878    | 65.678    |
| 2306  | 129.774    | 65.843    |
| 2307  | 157.562    | 66.008    |
| 2308  | 111.986    | 66.174    |
| 2309  | 98.578     | 66.34     |
| 2310  | 78.968     | 66.506    |
| 2311  | -27.323    | 66.673    |
| 2312  | 88.742     | 66.841    |
| 2313  | 157.46     | 67.009    |
| 2314  | 101.01     | 67.177    |
| 2315  | 105.206    | 67.346    |
| 2316  | 73.908     | 67.515    |
| 2317  | 109.52     | 67.686    |
| 2318  | 232.997    | 67.856    |
| 2319  | 120.791    | 68.027    |
| 2320  | 76.258     | 68.198    |
| 2321  | 51.081     | 68.371    |
| 2322  | 123.387    | 68.543    |
| 2323  | 111.086    | 68.717    |
| 2324  | 58.328     | 68.89     |
| 2325  | 73.717     | 69.064    |
| 2326  | 136.176    | 69.239    |
| 2327  | 26.795     | 69.414    |
| 2328  | 138.319    | 69.59     |
| 2329  | 84.019     | 69.766    |
| 2330  | 246.781    | 69.943    |
| 2331  | 160.442    | 70.12     |
| 2332  | 20.204     | 70.297    |
| 2333  | 86.908     | 70.475    |
| 2334  | 131.829    | 70.654    |
| 2335  | 220.979    | 70.833    |
| 2336  | 52.733     | 71.012    |
| 2337  | 117.654    | 71.192    |
| 2338  | 92.059     | 71.373    |
| 2339  | 231.487    | 71.554    |
| 2340  | -8.453     | 71.735    |
| 2341  | 139.509    | 71.917    |
| 2342  | 123.035    | 72.099    |
| 2343  | 110.854    | 72.282    |
| 2344  | 128.928    | 72.465    |
| 2345  | 59.288     | 72.649    |
| 2346  | 207.193    | 72.834    |
| 2347  | 207.43     | 73.019    |
| 2348  | 94.578     | 73.204    |
| 2349  | 116.866    | 73.39     |
| 2350  | 164.731    | 73.576    |
| 2351  | 95.055     | 73.763    |
| 2352  | 81.74      | 73.95     |
| 2353  | 138.278    | 74.138    |
| 2354  | 126.859    | 74.326    |
| 2355  | 201.348    | 74.515    |
| 2356  | 127.52     | 74.704    |
| 2357  | 213.163    | 74.894    |
| 2358  | 106.303    | 75.084    |
| 2359  | 25.819     | 75.274    |
| 2360  | -40.576    | 75.465    |
| 2361  | 251.831    | 75.658    |
| 2362  | 101.217    | 75.85     |
| 2363  | 108.123    | 76.043    |
| 2364  | 168.723    | 76.236    |
| 2365  | 30.872     | 76.43     |
| 2366  | 9.741      | 76.624    |
| 2367  | 35.335     | 76.819    |
| 2368  | 153.96     | 77.014    |
| 2369  | 105.252    | 77.21     |
| 2370  | 55.905     | 77.406    |
| 2371  | 166.321    | 77.603    |
| 2372  | -55.098    | 77.8      |
| 2373  | 197.355    | 77.998    |
| 2374  | 222.724    | 78.196    |
| 2375  | 30.658     | 78.395    |
| 2376  | 59.234     | 78.594    |
| 2377  | 327.355    | 78.795    |
| 2378  | 131.205    | 78.994    |
| 2379  | 68.553     | 79.196    |
| 2380  | 227.991    | 79.397    |
| 2381  | 217.888    | 79.599    |
| 2382  | 171.561    | 79.801    |
| 2383  | 184.588    | 80.004    |
| 2384  | 209.169    | 80.208    |
| 2385  | 146.673    | 80.411    |
| 2386  | -62.305    | 80.614    |
| 2387  | 85.25      | 80.821    |
| 2388  | 142.082    | 81.025    |
| 2389  | 83.361     | 81.233    |
| 2390  | 111.667    | 81.438    |
| 2391  | 0.645      | 81.647    |
| 2392  | -92.097    | 81.855    |
| 2393  | 121.662    | 82.063    |
| 2394  | 83.228     | 82.272    |
| 2395  | 45.005     | 82.481    |
| 2396  | 129.371    | 82.691    |
| 2397  | 148.375    | 82.902    |
| 2398  | 210.141    | 83.113    |
| 2399  | 55.324     | 83.325    |
| 2400  | 71.891     | 83.537    |
| 2401  | 80.708     | 83.75     |
| 2402  | 156.943    | 83.961    |
| 2403  | 67.311     | 84.177    |
| 2404  | 151.428    | 84.39     |
| 2405  | 137.141    | 84.606    |
| 2406  | 90.466     | 84.821    |
| 2407  | 138.247    | 85.038    |
| 2408  | 239.4      | 85.254    |
| 2409  | 84.853     | 85.471    |
| 2410  | 110.793    | 85.689    |
| 2411  | 40.606     | 85.907    |
| 2412  | 152.843    | 86.126    |
| 2413  | 27.485     | 86.346    |
| 2414  | 62.409     | 86.565    |
| 2415  | 46.557     | 86.787    |
| 2416  | 117.164    | 87.007    |
| 2417  | 181.485    | 87.229    |
| 2418  | 17.888     | 87.451    |
| 2419  | 23.272     | 87.675    |
| 2420  | 248.823    | 87.899    |
| 2421  | -92.623    | 88.124    |
| 2422  | -22.911    | 88.35     |
| 2423  | 202.539    | 88.576    |
| 2424  | 165.465    | 88.802    |
| 2425  | 39.14      | 89.029    |
| 2426  | -30.645    | 89.257    |
| 2427  | -9.032     | 89.485    |
| 2428  | 40.128     | 89.713    |
| 2429  | 98.052     | 89.943    |
| 2430  | -12.433    | 90.173    |
| 2431  | 354.855    | 90.404    |
| 2432  | 94.542     | 90.635    |
| 2433  | -3.73      | 90.867    |
| 2434  | -45.141    | 91.1      |
| 2435  | 121.825    | 91.333    |
| 2436  | 309.458    | 91.567    |
| 2437  | -39.671    | 91.801    |
| 2438  | -104.173   | 92.036    |
| 2439  | 245.1      | 92.273    |
| 2440  | 177.08     | 92.509    |
| 2441  | 25.706     | 92.746    |
| 2442  | 130.154    | 92.984    |
| 2443  | 38.69      | 93.223    |
| 2444  | -11.98     | 93.462    |
| 2445  | 250.934    | 93.702    |
| 2446  | -75.135    | 93.943    |
| 2447  | 148.704    | 94.184    |
| 2448  | 156.723    | 94.426    |
| 2449  | 195.45     | 94.669    |
| 2450  | 265.954    | 94.912    |
| 2451  | 219.72     | 95.156    |
| 2452  | 68.589     | 95.401    |
| 2453  | 108.884    | 95.647    |
| 2454  | -62.498    | 95.892    |
| 2455  | 66.742     | 96.14     |
| 2456  | -37.26     | 96.387    |
| 2457  | 41.676     | 96.636    |
| 2458  | 200.915    | 96.885    |
| 2459  | 97.789     | 97.135    |
| 2460  | 111.643    | 97.386    |
| 2461  | 27.419     | 97.636    |
| 2462  | 64.204     | 97.889    |
| 2463  | 83.201     | 98.141    |
| 2464  | 120.148    | 98.394    |
| 2465  | 87.619     | 98.647    |
| 2466  | 83.724     | 98.904    |
| 2467  | -119.347   | 99.16     |
| 2468  | 19.401     | 99.416    |
| 2469  | 179.314    | 99.673    |
| 2470  | 165.683    | 99.932    |
| 2471  | 135.613    | 100.191   |
| 2472  | 84.934     | 100.45    |
| 2473  | 22.89      | 100.71    |
| 2474  | -77.64     | 100.97    |
| 2475  | 26.584     | 101.232   |
| 2476  | 178.388    | 101.496   |
| 2477  | -78.247    | 101.759   |
| 2478  | 88.6       | 102.024   |
| 2479  | -60.829    | 102.289   |
| 2480  | 177.716    | 102.553   |
| 2481  | 100.658    | 102.821   |
| 2482  | 13.083     | 103.088   |
| 2483  | 257.276    | 103.356   |
| 2484  | 6.785      | 103.623   |
| 2485  | 169.408    | 103.895   |
| 2486  | 51.243     | 104.166   |
| 2487  | -8.872     | 104.436   |
| 2488  | 79.394     | 104.71    |
| 2489  | 203.31     | 104.983   |
| 2490  | -8.46      | 105.256   |
| 2491  | 98.6       | 105.532   |
| 2492  | 55.518     | 105.806   |
| 2493  | 90.728     | 106.079   |
| 2494  | 129.96     | 106.359   |
| 2495  | 60.412     | 106.638   |
| 2496  | -40.123    | 106.918   |
| 2497  | -51.484    | 107.196   |
| 2498  | 181.522    | 107.478   |
| 2499  | -80.525    | 107.759   |
| 2500  | 352.834    | 108.041   |
| 2501  | -42.747    | 108.325   |
| 2502  | 163.487    | 108.608   |
| 2503  | 208.812    | 108.893   |
| 2504  | 205.011    | 109.179   |
| 2505  | 66.652     | 109.466   |
| 2506  | -162.622   | 109.753   |
| 2507  | -73.423    | 110.069   |
| 2508  | 62.343     | 110.359   |
+-------+------------+-----------+
