    1.500000E+00    1.500000E+00    1.500000E+00    1.500000E+00    1.500000E+00    1.500000E+00
    1.500002E+00    1.500002E+00    1.500002E+00    1.500002E+00    1.500002E+00    1.500003E+00
    1.500004E+00    1.500004E+00    1.500004E+00    1.500004E+00    1.500005E+00    1.500005E+00
    1.500006E+00    1.500006E+00    1.500006E+00    1.500006E+00    1.500006E+00    1.500007E+00
    1.500008E+00    1.500008E+00    1.500008E+00    1.500008E+00    1.500008E+00    1.500008E+00
    1.500009E+00    1.500009E+00    1.500009E+00    1.500009E+00    1.500010E+00    1.500010E+00
    1.500011E+00    1.500011E+00    1.500011E+00    1.500011E+00    1.500011E+00    1.500012E+00
    1.500013E+00    1.500013E+00    1.500013E+00    1.500013E+00    1.500013E+00    1.500014E+00
    1.500014E+00    1.500014E+00    1.500014E+00    1.500014E+00    1.500015E+00    1.500016E+00
    1.500016E+00    1.500016E+00    1.500016E+00    1.500016E+00    1.500017E+00    1.500018E+00
    1.500018E+00    1.500018E+00    1.500018E+00    1.500018E+00    1.500019E+00    1.500020E+00
    1.500021E+00    1.500021E+00    1.500021E+00    1.500021E+00    1.500021E+00    1.500023E+00
    1.500023E+00    1.500023E+00    1.500023E+00    1.500023E+00    1.500024E+00    1.500026E+00
    1.500026E+00    1.500026E+00    1.500026E+00    1.500026E+00    1.500027E+00    1.500030E+00
    1.500029E+00    1.500029E+00    1.500029E+00    1.500029E+00    1.500031E+00    1.500034E+00
    1.500032E+00    1.500032E+00    1.500032E+00    1.500033E+00    1.500034E+00    1.500039E+00
    1.500036E+00    1.500036E+00    1.500036E+00    1.500036E+00    1.500039E+00    1.500044E+00
    1.500040E+00    1.500040E+00    1.500040E+00    1.500041E+00    1.500044E+00    1.500050E+00
    1.500045E+00    1.500045E+00    1.500045E+00    1.500046E+00    1.500049E+00    1.500058E+00
    1.500050E+00    1.500050E+00    1.500050E+00    1.500051E+00    1.500056E+00    1.500066E+00
    1.500056E+00    1.500056E+00    1.500056E+00    1.500057E+00    1.500063E+00    1.500076E+00
    1.500063E+00    1.500063E+00    1.500063E+00    1.500064E+00    1.500071E+00    1.500088E+00
    1.500070E+00    1.500070E+00    1.500070E+00    1.500072E+00    1.500081E+00    1.500101E+00
    1.500079E+00    1.500079E+00    1.500079E+00    1.500081E+00    1.500092E+00    1.500117E+00
    1.500088E+00    1.500088E+00    1.500088E+00    1.500090E+00    1.500105E+00    1.500136E+00
    1.500098E+00    1.500098E+00    1.500098E+00    1.500101E+00    1.500119E+00    1.500159E+00
    1.500110E+00    1.500110E+00    1.500110E+00    1.500114E+00    1.500136E+00    1.500185E+00
    1.500123E+00    1.500123E+00    1.500123E+00    1.500128E+00    1.500155E+00    1.500217E+00
    1.500137E+00    1.500137E+00    1.500138E+00    1.500143E+00    1.500178E+00    1.500255E+00
    1.500153E+00    1.500154E+00    1.500154E+00    1.500161E+00    1.500204E+00    1.500300E+00
    1.500171E+00    1.500172E+00    1.500172E+00    1.500181E+00    1.500235E+00    1.500355E+00
    1.500191E+00    1.500192E+00    1.500192E+00    1.500203E+00    1.500271E+00    1.500421E+00
    1.500214E+00    1.500215E+00    1.500215E+00    1.500229E+00    1.500313E+00    1.500501E+00
    1.500239E+00    1.500240E+00    1.500241E+00    1.500258E+00    1.500363E+00    1.500597E+00
    1.500267E+00    1.500268E+00    1.500269E+00    1.500290E+00    1.500423E+00    1.500715E+00
    1.500299E+00    1.500300E+00    1.500301E+00    1.500328E+00    1.500493E+00    1.500858E+00
    1.500334E+00    1.500336E+00    1.500337E+00    1.500370E+00    1.500576E+00    1.501032E+00
    1.500373E+00    1.500375E+00    1.500377E+00    1.500418E+00    1.500676E+00    1.501246E+00
    1.500417E+00    1.500420E+00    1.500422E+00    1.500473E+00    1.500795E+00    1.501507E+00
    1.500466E+00    1.500469E+00    1.500472E+00    1.500537E+00    1.500939E+00    1.501828E+00
    1.500521E+00    1.500525E+00    1.500528E+00    1.500609E+00    1.501111E+00    1.502222E+00
    1.500582E+00    1.500587E+00    1.500591E+00    1.500692E+00    1.501319E+00    1.502707E+00
    1.500651E+00    1.500657E+00    1.500662E+00    1.500788E+00    1.501572E+00    1.503304E+00
    1.500727E+00    1.500735E+00    1.500741E+00    1.500898E+00    1.501877E+00    1.504042E+00
    1.500812E+00    1.500822E+00    1.500830E+00    1.501027E+00    1.502249E+00    1.504952E+00
    1.500908E+00    1.500920E+00    1.500930E+00    1.501175E+00    1.502702E+00    1.506078E+00
    1.501014E+00    1.501030E+00    1.501042E+00    1.501348E+00    1.503255E+00    1.507470E+00
    1.501133E+00    1.501153E+00    1.501168E+00    1.501550E+00    1.503932E+00    1.509195E+00
    1.501266E+00    1.501290E+00    1.501309E+00    1.501787E+00    1.504761E+00    1.511331E+00
    1.501414E+00    1.501445E+00    1.501468E+00    1.502065E+00    1.505778E+00    1.513980E+00
    1.501580E+00    1.501618E+00    1.501648E+00    1.502392E+00    1.507028E+00    1.517264E+00
    1.501765E+00    1.501812E+00    1.501849E+00    1.502779E+00    1.508566E+00    1.521339E+00
    1.501971E+00    1.502030E+00    1.502076E+00    1.503237E+00    1.510460E+00    1.526396E+00
    1.502201E+00    1.502275E+00    1.502333E+00    1.503782E+00    1.512797E+00    1.532671E+00
    1.502458E+00    1.502550E+00    1.502622E+00    1.504431E+00    1.515680E+00    1.540460E+00
    1.502745E+00    1.502859E+00    1.502950E+00    1.505207E+00    1.519240E+00    1.550123E+00
    1.503064E+00    1.503207E+00    1.503320E+00    1.506137E+00    1.523640E+00    1.562111E+00
    1.503421E+00    1.503598E+00    1.503740E+00    1.507254E+00    1.529079E+00    1.576975E+00
    1.503818E+00    1.504040E+00    1.504216E+00    1.508600E+00    1.535806E+00    1.595391E+00
    1.504260E+00    1.504537E+00    1.504757E+00    1.510224E+00    1.544124E+00    1.618190E+00
    1.504753E+00    1.505098E+00    1.505372E+00    1.512189E+00    1.554412E+00    1.646378E+00
    1.505302E+00    1.505732E+00    1.506073E+00    1.514572E+00    1.567133E+00    1.681177E+00
    1.505913E+00    1.506448E+00    1.506874E+00    1.517465E+00    1.582853E+00    1.724050E+00
    1.506592E+00    1.507259E+00    1.507790E+00    1.520983E+00    1.602268E+00    1.776738E+00
    1.507347E+00    1.508179E+00    1.508840E+00    1.525269E+00    1.626223E+00    1.841285E+00
    1.508186E+00    1.509221E+00    1.510045E+00    1.530495E+00    1.655742E+00    1.920042E+00
    1.509117E+00    1.510406E+00    1.511431E+00    1.536874E+00    1.692054E+00    2.015655E+00
    1.510150E+00    1.511755E+00    1.513030E+00    1.544666E+00    1.736627E+00    2.130992E+00
    1.511295E+00    1.513291E+00    1.514877E+00    1.554188E+00    1.791193E+00    2.268996E+00
    1.512563E+00    1.515044E+00    1.517016E+00    1.565828E+00    1.857761E+00    2.432411E+00
    1.513965E+00    1.517048E+00    1.519498E+00    1.580055E+00    1.938624E+00    2.623317E+00
    1.515515E+00    1.519343E+00    1.522385E+00    1.597438E+00    2.036323E+00    2.842405E+00
    1.517225E+00    1.521976E+00    1.525749E+00    1.618662E+00    2.153568E+00    3.087877E+00
    1.519109E+00    1.525000E+00    1.529678E+00    1.644549E+00    2.293072E+00    3.353886E+00
    1.521182E+00    1.528480E+00    1.534274E+00    1.676074E+00    2.457268E+00    3.628416E+00
    1.523460E+00    1.532493E+00    1.539661E+00    1.714391E+00    2.647848E+00    3.890636E+00
    1.525956E+00    1.537126E+00    1.545986E+00    1.760846E+00    2.865059E+00    4.107919E+00
    1.528688E+00    1.542484E+00    1.553422E+00    1.816988E+00    3.106683E+00    4.233141E+00
    1.531671E+00    1.548690E+00    1.562173E+00    1.884572E+00    3.366625E+00    4.203518E+00
    1.534919E+00    1.555886E+00    1.572484E+00    1.965539E+00    3.633073E+00    3.943184E+00
    1.538448E+00    1.564241E+00    1.584638E+00    2.061969E+00    3.886291E+00    3.372853E+00
    1.542271E+00    1.573950E+00    1.598971E+00    2.175991E+00    4.096269E+00    2.430659E+00
    1.546400E+00    1.585242E+00    1.615872E+00    2.309629E+00    4.220795E+00    1.107528E+00
    1.550844E+00    1.598378E+00    1.635794E+00    2.464566E+00    4.204989E+00   -5.040761E-01
    1.555613E+00    1.613666E+00    1.659258E+00    2.641798E+00    3.983985E+00   -2.160117E+00
    1.560709E+00    1.631453E+00    1.686860E+00    2.841141E+00    3.491133E+00   -3.444507E+00
    1.566136E+00    1.652141E+00    1.719274E+00    3.060582E+00    2.674370E+00   -3.830495E+00
    1.571889E+00    1.676181E+00    1.757259E+00    3.295455E+00    1.522599E+00   -2.880686E+00
    1.577962E+00    1.704085E+00    1.801655E+00    3.537453E+00    1.007093E-01   -5.912605E-01
    1.584343E+00    1.736423E+00    1.853377E+00    3.773562E+00   -1.414891E+00    2.260433E+00
    1.591016E+00    1.773825E+00    1.913408E+00    3.985045E+00   -2.719097E+00    4.118763E+00
    1.597960E+00    1.816979E+00    1.982782E+00    4.146757E+00   -3.409622E+00    3.428623E+00
    1.605149E+00    1.866630E+00    2.062551E+00    4.227172E+00   -3.100381E+00    1.497438E-01
    1.612552E+00    1.923567E+00    2.153749E+00    4.189703E+00   -1.627074E+00   -3.200486E+00
    1.620134E+00    1.988614E+00    2.257343E+00    3.995956E+00    7.103022E-01   -3.040550E+00
    1.627858E+00    2.062612E+00    2.374161E+00    3.611558E+00    3.025411E+00    1.011235E+00
    1.635681E+00    2.146396E+00    2.504811E+00    3.014941E+00    4.073429E+00    3.894039E+00
    1.643563E+00    2.240763E+00    2.649584E+00    2.208731E+00    2.959366E+00    1.008416E+00
    1.651457E+00    2.346439E+00    2.808342E+00    1.232206E+00    6.191113E-02   -3.152345E+00
    1.651457E+00    2.346439E+00    2.808342E+00    1.232206E+00    6.191113E-02   -3.152345E+00
    1.651457E+00    2.346439E+00    2.808342E+00    1.232206E+00    6.191113E-02   -3.152345E+00
    1.651457E+00    2.346439E+00    2.808342E+00    1.232206E+00    6.191113E-02   -3.152345E+00
    1.651917E+00    2.353005E+00    2.818306E+00    1.189728E+00   -8.033166E-02   -3.210965E+00
    1.652368E+00    2.359574E+00    2.828259E+00    1.146521E+00   -2.265940E-01   -3.259715E+00
    1.652815E+00    2.366148E+00    2.838204E+00    1.102621E+00   -3.748451E-01   -3.292155E+00
    1.653259E+00    2.372730E+00    2.848142E+00    1.058076E+00   -5.237409E-01   -3.306691E+00
    1.653702E+00    2.379319E+00    2.858074E+00    1.012929E+00   -6.723392E-01   -3.302837E+00
    1.654143E+00    2.385918E+00    2.867999E+00    9.672256E-01   -8.199456E-01   -3.280464E+00
    1.654582E+00    2.392525E+00    2.877919E+00    9.210063E-01   -9.660202E-01   -3.239611E+00
    1.655020E+00    2.399141E+00    2.887834E+00    8.743113E-01   -1.110119E+00   -3.180440E+00
    1.655456E+00    2.405767E+00    2.897743E+00    8.271790E-01   -1.251857E+00   -3.103222E+00
    1.655891E+00    2.412402E+00    2.907648E+00    7.796465E-01   -1.390890E+00   -3.008332E+00
    1.656324E+00    2.419047E+00    2.917548E+00    7.317495E-01   -1.526896E+00   -2.896250E+00
    1.656757E+00    2.425702E+00    2.927443E+00    6.835225E-01   -1.659571E+00   -2.767558E+00
    1.657187E+00    2.432367E+00    2.937334E+00    6.349990E-01   -1.788624E+00   -2.622941E+00
    1.657616E+00    2.439043E+00    2.947221E+00    5.862113E-01   -1.913771E+00   -2.463178E+00
    1.658044E+00    2.445729E+00    2.957104E+00    5.371908E-01   -2.034739E+00   -2.289146E+00
    1.658470E+00    2.452427E+00    2.966984E+00    4.879680E-01   -2.151259E+00   -2.101811E+00
    1.658895E+00    2.459135E+00    2.976859E+00    4.385726E-01   -2.263074E+00   -1.902225E+00
    1.659318E+00    2.465854E+00    2.986732E+00    3.890334E-01   -2.369930E+00   -1.691524E+00
    1.659740E+00    2.472585E+00    2.996601E+00    3.393787E-01   -2.471583E+00   -1.470914E+00
    1.660161E+00    2.479327E+00    3.006467E+00    2.896360E-01   -2.567800E+00   -1.241675E+00
    1.660580E+00    2.486081E+00    3.016330E+00    2.398321E-01   -2.658352E+00   -1.005146E+00
    1.660998E+00    2.492847E+00    3.026191E+00    1.899935E-01   -2.743024E+00   -7.627194E-01
    1.661414E+00    2.499625E+00    3.036048E+00    1.401459E-01   -2.821610E+00   -5.158360E-01
    1.661828E+00    2.506416E+00    3.045903E+00    9.031464E-02   -2.893915E+00   -2.659731E-01
    1.662241E+00    2.513219E+00    3.055756E+00    4.052476E-02   -2.959755E+00   -1.463675E-02
    1.662653E+00    2.520034E+00    3.065606E+00   -9.199264E-03   -3.018960E+00    2.366477E-01
    1.663063E+00    2.526862E+00    3.075454E+00   -5.883327E-02   -3.071370E+00    4.863450E-01
    1.663472E+00    2.533703E+00    3.085300E+00   -1.083534E-01   -3.116843E+00    7.329206E-01
    1.663879E+00    2.540557E+00    3.095144E+00   -1.577363E-01   -3.155247E+00    9.748502E-01
    1.664284E+00    2.547424E+00    3.104986E+00   -2.069585E-01   -3.186467E+00    1.210630E+00
    1.664688E+00    2.554305E+00    3.114826E+00   -2.559971E-01   -3.210402E+00    1.438789E+00
    1.665091E+00    2.561199E+00    3.124664E+00   -3.048295E-01   -3.226968E+00    1.657895E+00
    1.665491E+00    2.568107E+00    3.134500E+00   -3.534330E-01   -3.236097E+00    1.866569E+00
    1.665890E+00    2.575028E+00    3.144335E+00   -4.017854E-01   -3.237736E+00    2.063497E+00
    1.666288E+00    2.581964E+00    3.154168E+00   -4.498645E-01   -3.231852E+00    2.247432E+00
    1.666684E+00    2.588913E+00    3.163999E+00   -4.976483E-01   -3.218427E+00    2.417212E+00
    1.667078E+00    2.595877E+00    3.173829E+00   -5.451151E-01   -3.197462E+00    2.571766E+00
    1.667470E+00    2.602855E+00    3.183657E+00   -5.922433E-01   -3.168977E+00    2.710121E+00
    1.667861E+00    2.609847E+00    3.193484E+00   -6.390112E-01   -3.133009E+00    2.831412E+00
    1.668249E+00    2.616854E+00    3.203309E+00   -6.853976E-01   -3.089615E+00    2.934892E+00
    1.668637E+00    2.623875E+00    3.213133E+00   -7.313813E-01   -3.038870E+00    3.019933E+00
    1.669022E+00    2.630912E+00    3.222955E+00   -7.769410E-01   -2.980868E+00    3.086038E+00
    1.669405E+00    2.637963E+00    3.232776E+00   -8.220559E-01   -2.915722E+00    3.132841E+00
    1.669787E+00    2.645029E+00    3.242596E+00   -8.667052E-01   -2.843564E+00    3.160114E+00
    1.670166E+00    2.652110E+00    3.252415E+00   -9.108680E-01   -2.764546E+00    3.167770E+00
    1.670544E+00    2.659207E+00    3.262232E+00   -9.545239E-01   -2.678838E+00    3.155866E+00
    1.670919E+00    2.666319E+00    3.272048E+00   -9.976524E-01   -2.586628E+00    3.124599E+00
    1.671293E+00    2.673446E+00    3.281862E+00   -1.040233E+00   -2.488124E+00    3.074314E+00
    1.671664E+00    2.680589E+00    3.291676E+00   -1.082246E+00   -2.383550E+00    3.005493E+00
    1.672034E+00    2.687747E+00    3.301488E+00   -1.123671E+00   -2.273150E+00    2.918760E+00
    1.672401E+00    2.694921E+00    3.311299E+00   -1.164488E+00   -2.157184E+00    2.814873E+00
    1.672766E+00    2.702112E+00    3.321109E+00   -1.204679E+00   -2.035928E+00    2.694719E+00
    1.673129E+00    2.709318E+00    3.330918E+00   -1.244222E+00   -1.909675E+00    2.559311E+00
    1.673489E+00    2.716540E+00    3.340725E+00   -1.283099E+00   -1.778734E+00    2.409774E+00
    1.673847E+00    2.723778E+00    3.350532E+00   -1.321291E+00   -1.643426E+00    2.247342E+00
    1.674203E+00    2.731033E+00    3.360337E+00   -1.358780E+00   -1.504088E+00    2.073344E+00
    1.674556E+00    2.738304E+00    3.370142E+00   -1.395546E+00   -1.361070E+00    1.889194E+00
    1.674907E+00    2.745592E+00    3.379946E+00   -1.431572E+00   -1.214731E+00    1.696381E+00
    1.675255E+00    2.752896E+00    3.389748E+00   -1.466838E+00   -1.065442E+00    1.496451E+00
    1.675600E+00    2.760217E+00    3.399551E+00   -1.501329E+00   -9.135852E-01    1.291000E+00
    1.675943E+00    2.767555E+00    3.409352E+00   -1.535026E+00   -7.595483E-01    1.081652E+00
    1.676283E+00    2.774910E+00    3.419153E+00   -1.567913E+00   -6.037268E-01    8.700495E-01
    1.676620E+00    2.782282E+00    3.428954E+00   -1.599972E+00   -4.465216E-01    6.578356E-01
    1.676954E+00    2.789671E+00    3.438754E+00   -1.631188E+00   -2.883371E-01    4.466392E-01
    1.677285E+00    2.797077E+00    3.448554E+00   -1.661545E+00   -1.295804E-01    2.380590E-01
    1.677613E+00    2.804501E+00    3.458354E+00   -1.691027E+00    2.934091E-02    3.364853E-02
    1.677937E+00    2.811943E+00    3.468154E+00   -1.719621E+00    1.880202E-01   -1.650996E-01
    1.678259E+00    2.819402E+00    3.477955E+00   -1.747310E+00    3.460535E-01   -3.567675E-01
    1.678577E+00    2.826879E+00    3.487756E+00   -1.774083E+00    5.030411E-01   -5.400264E-01
    1.678892E+00    2.834375E+00    3.497559E+00   -1.799926E+00    6.585897E-01   -7.136488E-01
    1.679203E+00    2.841889E+00    3.507362E+00   -1.824825E+00    8.123137E-01   -8.765206E-01
    1.679511E+00    2.849421E+00    3.517167E+00   -1.848770E+00    9.638374E-01   -1.027651E+00
    1.679815E+00    2.856972E+00    3.526974E+00   -1.871748E+00    1.112797E+00   -1.166181E+00
    1.680115E+00    2.864541E+00    3.536784E+00   -1.893750E+00    1.258840E+00   -1.291393E+00
    1.680411E+00    2.872130E+00    3.546596E+00   -1.914766E+00    1.401632E+00   -1.402712E+00
    1.680703E+00    2.879738E+00    3.556411E+00   -1.934786E+00    1.540853E+00   -1.499711E+00
    1.680992E+00    2.887366E+00    3.566230E+00   -1.953802E+00    1.676201E+00   -1.582115E+00
    1.681276E+00    2.895014E+00    3.576053E+00   -1.971807E+00    1.807396E+00   -1.649797E+00
    1.681556E+00    2.902682E+00    3.585881E+00   -1.988794E+00    1.934177E+00   -1.702775E+00
    1.681832E+00    2.910370E+00    3.595714E+00   -2.004757E+00    2.056306E+00   -1.741212E+00
    1.682103E+00    2.918079E+00    3.605554E+00   -2.019692E+00    2.173569E+00   -1.765404E+00
    1.682370E+00    2.925809E+00    3.615400E+00   -2.033594E+00    2.285777E+00   -1.775776E+00
    1.682632E+00    2.933560E+00    3.625254E+00   -2.046460E+00    2.392766E+00   -1.772869E+00
    1.682890E+00    2.941333E+00    3.635117E+00   -2.058288E+00    2.494398E+00   -1.757332E+00
    1.683142E+00    2.949129E+00    3.644989E+00   -2.069077E+00    2.590563E+00   -1.729904E+00
    1.683390E+00    2.956947E+00    3.654871E+00   -2.078827E+00    2.681177E+00   -1.691405E+00
    1.683633E+00    2.964788E+00    3.664765E+00   -2.087537E+00    2.766185E+00   -1.642717E+00
    1.683871E+00    2.972652E+00    3.674671E+00   -2.095210E+00    2.845556E+00   -1.584774E+00
    1.684104E+00    2.980541E+00    3.684591E+00   -2.101848E+00    2.919290E+00   -1.518540E+00
    1.684332E+00    2.988454E+00    3.694525E+00   -2.107455E+00    2.987410E+00   -1.445001E+00
    1.684555E+00    2.996392E+00    3.704475E+00   -2.112035E+00    3.049969E+00   -1.365142E+00
    1.684772E+00    3.004356E+00    3.714443E+00   -2.115593E+00    3.107040E+00   -1.279937E+00
    1.684984E+00    3.012346E+00    3.724429E+00   -2.118135E+00    3.158724E+00   -1.190335E+00
    1.685191E+00    3.020363E+00    3.734435E+00   -2.119668E+00    3.205143E+00   -1.097247E+00
    1.685392E+00    3.028407E+00    3.744463E+00   -2.120200E+00    3.246441E+00   -1.001535E+00
    1.685588E+00    3.036479E+00    3.754514E+00   -2.119740E+00    3.282782E+00   -9.040009E-01
    1.685778E+00    3.044580E+00    3.764589E+00   -2.118297E+00    3.314346E+00   -8.053795E-01
    1.685963E+00    3.052710E+00    3.774691E+00   -2.115881E+00    3.341332E+00   -7.063326E-01
    1.686142E+00    3.060870E+00    3.784821E+00   -2.112501E+00    3.363954E+00   -6.074439E-01
    1.686315E+00    3.069062E+00    3.794980E+00   -2.108171E+00    3.382434E+00   -5.092161E-01
    1.686483E+00    3.077285E+00    3.805171E+00   -2.102901E+00    3.397010E+00   -4.120701E-01
    1.686645E+00    3.085540E+00    3.815395E+00   -2.096704E+00    3.407925E+00   -3.163455E-01
    1.686802E+00    3.093829E+00    3.825654E+00   -2.089592E+00    3.415430E+00   -2.223028E-01
    1.686953E+00    3.102152E+00    3.835951E+00   -2.081579E+00    3.419780E+00   -1.301269E-01
    1.687098E+00    3.110509E+00    3.846286E+00   -2.072677E+00    3.421233E+00   -3.993185E-02
    1.687237E+00    3.118902E+00    3.856662E+00   -2.062902E+00    3.420047E+00    4.823307E-02
    1.687371E+00    3.127332E+00    3.867081E+00   -2.052265E+00    3.416479E+00    1.343772E-01
    1.687499E+00    3.135800E+00    3.877545E+00   -2.040782E+00    3.410785E+00    2.185612E-01
    1.687622E+00    3.144305E+00    3.888056E+00   -2.028467E+00    3.403214E+00    3.008896E-01
    1.687739E+00    3.152850E+00    3.898616E+00   -2.015333E+00    3.394012E+00    3.815031E-01
    1.687850E+00    3.161435E+00    3.909227E+00   -2.001395E+00    3.383415E+00    4.605709E-01
    1.687956E+00    3.170061E+00    3.919890E+00   -1.986667E+00    3.371654E+00    5.382833E-01
    1.688056E+00    3.178729E+00    3.930609E+00   -1.971162E+00    3.358949E+00    6.148450E-01
    1.688151E+00    3.187440E+00    3.941385E+00   -1.954895E+00    3.345511E+00    6.904688E-01
    1.688241E+00    3.196194E+00    3.952221E+00   -1.937878E+00    3.331538E+00    7.653690E-01
    1.688325E+00    3.204993E+00    3.963117E+00   -1.920125E+00    3.317221E+00    8.397571E-01
    1.688404E+00    3.213838E+00    3.974077E+00   -1.901649E+00    3.302736E+00    9.138370E-01
    1.688478E+00    3.222729E+00    3.985101E+00   -1.882462E+00    3.288249E+00    9.878016E-01
    1.688547E+00    3.231668E+00    3.996193E+00   -1.862577E+00    3.273914E+00    1.061830E+00
    1.688611E+00    3.240655E+00    4.007354E+00   -1.842005E+00    3.259872E+00    1.136086E+00
    1.688670E+00    3.249691E+00    4.018586E+00   -1.820757E+00    3.246254E+00    1.210716E+00
    1.688724E+00    3.258777E+00    4.029890E+00   -1.798845E+00    3.233178E+00    1.285847E+00
    1.688773E+00    3.267914E+00    4.041270E+00   -1.776279E+00    3.220753E+00    1.361592E+00
    1.688817E+00    3.277102E+00    4.052726E+00   -1.753069E+00    3.209075E+00    1.438043E+00
    1.688857E+00    3.286343E+00    4.064260E+00   -1.729225E+00    3.198232E+00    1.515277E+00
    1.688892E+00    3.295638E+00    4.075874E+00   -1.704754E+00    3.188300E+00    1.593355E+00
    1.688923E+00    3.304987E+00    4.087571E+00   -1.679667E+00    3.179347E+00    1.672327E+00
    1.688950E+00    3.314391E+00    4.099350E+00   -1.653971E+00    3.171433E+00    1.752228E+00
    1.688972E+00    3.323851E+00    4.111215E+00   -1.627674E+00    3.164608E+00    1.833082E+00
    1.688991E+00    3.333368E+00    4.123166E+00   -1.600783E+00    3.158918E+00    1.914909E+00
    1.689005E+00    3.342942E+00    4.135206E+00   -1.573305E+00    3.154398E+00    1.997717E+00
    1.689015E+00    3.352574E+00    4.147335E+00   -1.545245E+00    3.151080E+00    2.081512E+00
    1.689022E+00    3.362266E+00    4.159556E+00   -1.516610E+00    3.148989E+00    2.166296E+00
    1.689024E+00    3.372017E+00    4.171869E+00   -1.487405E+00    3.148145E+00    2.252069E+00
    1.689024E+00    3.381828E+00    4.184276E+00   -1.457635E+00    3.148563E+00    2.338832E+00
    1.689019E+00    3.391701E+00    4.196779E+00   -1.427305E+00    3.150257E+00    2.426582E+00
    1.689012E+00    3.401635E+00    4.209378E+00   -1.396419E+00    3.153233E+00    2.515323E+00
    1.689001E+00    3.411632E+00    4.222076E+00   -1.364980E+00    3.157497E+00    2.605057E+00
    1.688987E+00    3.421693E+00    4.234872E+00   -1.332993E+00    3.163051E+00    2.695791E+00
    1.688970E+00    3.431817E+00    4.247770E+00   -1.300460E+00    3.169896E+00    2.787534E+00
    1.688950E+00    3.442005E+00    4.260768E+00   -1.267384E+00    3.178031E+00    2.880300E+00
    1.688927E+00    3.452259E+00    4.273870E+00   -1.233768E+00    3.187451E+00    2.974104E+00
    1.688901E+00    3.462579E+00    4.287076E+00   -1.199614E+00    3.198153E+00    3.068966E+00
    1.688873E+00    3.472965E+00    4.300386E+00   -1.164925E+00    3.210133E+00    3.164908E+00
    1.688842E+00    3.483418E+00    4.313803E+00   -1.129701E+00    3.223383E+00    3.261958E+00
    1.688809E+00    3.493938E+00    4.327327E+00   -1.093944E+00    3.237899E+00    3.360142E+00
    1.688773E+00    3.504527E+00    4.340959E+00   -1.057657E+00    3.253673E+00    3.459492E+00
    1.688736E+00    3.515184E+00    4.354700E+00   -1.020839E+00    3.270699E+00    3.560040E+00
    1.688696E+00    3.525911E+00    4.368551E+00   -9.834921E-01    3.288971E+00    3.661818E+00
    1.688654E+00    3.536708E+00    4.382513E+00   -9.456168E-01    3.308484E+00    3.764862E+00
    1.688610E+00    3.547575E+00    4.396587E+00   -9.072136E-01    3.329231E+00    3.869205E+00
    1.688565E+00    3.558513E+00    4.410774E+00   -8.682830E-01    3.351207E+00    3.974882E+00
    1.688517E+00    3.569522E+00    4.425074E+00   -8.288253E-01    3.374408E+00    4.081926E+00
    1.688468E+00    3.580604E+00    4.439489E+00   -7.888405E-01    3.398831E+00    4.190368E+00
    1.688418E+00    3.591758E+00    4.454019E+00   -7.483286E-01    3.424471E+00    4.300241E+00
    1.688366E+00    3.602985E+00    4.468666E+00   -7.072896E-01    3.451328E+00    4.411573E+00
    1.688313E+00    3.614285E+00    4.483429E+00   -6.657232E-01    3.479399E+00    4.524390E+00
    1.688258E+00    3.625660E+00    4.498310E+00   -6.236290E-01    3.508684E+00    4.638717E+00
    1.688203E+00    3.637109E+00    4.513310E+00   -5.810066E-01    3.539184E+00    4.754575E+00
    1.688146E+00    3.648633E+00    4.528429E+00   -5.378555E-01    3.570899E+00    4.871986E+00
    1.688088E+00    3.660233E+00    4.543667E+00   -4.941749E-01    3.603831E+00    4.990964E+00
    1.688030E+00    3.671909E+00    4.559027E+00   -4.499643E-01    3.637983E+00    5.111525E+00
    1.687970E+00    3.683661E+00    4.574508E+00   -4.052227E-01    3.673358E+00    5.233680E+00
    1.687910E+00    3.695490E+00    4.590111E+00   -3.599494E-01    3.709961E+00    5.357438E+00
    1.687849E+00    3.707397E+00    4.605837E+00   -3.141433E-01    3.747798E+00    5.482805E+00
    1.687788E+00    3.719381E+00    4.621687E+00   -2.678034E-01    3.786872E+00    5.609788E+00
    1.687726E+00    3.731444E+00    4.637661E+00   -2.209288E-01    3.827192E+00    5.738388E+00
    1.687663E+00    3.743585E+00    4.653760E+00   -1.735181E-01    3.868764E+00    5.868608E+00
    1.687600E+00    3.755806E+00    4.669984E+00   -1.255704E-01    3.911594E+00    6.000447E+00
    1.687537E+00    3.768106E+00    4.686335E+00   -7.708420E-02    3.955692E+00    6.133904E+00
    1.687474E+00    3.780486E+00    4.702812E+00   -2.805833E-02    4.001066E+00    6.268977E+00
    1.687411E+00    3.792947E+00    4.719418E+00    2.150859E-02    4.047723E+00    6.405666E+00
    1.687347E+00    3.805489E+00    4.736151E+00    7.161794E-02    4.095673E+00    6.543966E+00
    1.687284E+00    3.818112E+00    4.753013E+00    1.222712E-01    4.144926E+00    6.683877E+00
    1.687220E+00    3.830818E+00    4.770004E+00    1.734698E-01    4.195489E+00    6.825395E+00
    1.687157E+00    3.843605E+00    4.787126E+00    2.252153E-01    4.247373E+00    6.968521E+00
    1.687093E+00    3.856475E+00    4.804378E+00    2.775093E-01    4.300586E+00    7.113254E+00
    1.687030E+00    3.869428E+00    4.821762E+00    3.303534E-01    4.355139E+00    7.259594E+00
    1.686968E+00    3.882465E+00    4.839277E+00    3.837493E-01    4.411040E+00    7.407544E+00
    1.686905E+00    3.895586E+00    4.856925E+00    4.376985E-01    4.468298E+00    7.557106E+00
    1.686843E+00    3.908791E+00    4.874705E+00    4.922029E-01    4.526922E+00    7.708284E+00
    1.686782E+00    3.922081E+00    4.892620E+00    5.472642E-01    4.586921E+00    7.861085E+00
    1.686721E+00    3.935456E+00    4.910669E+00    6.028841E-01    4.648303E+00    8.015515E+00
    1.686661E+00    3.948917E+00    4.928852E+00    6.590646E-01    4.711076E+00    8.171582E+00
    1.686601E+00    3.962464E+00    4.947171E+00    7.158075E-01    4.775247E+00    8.329296E+00
    1.686542E+00    3.976097E+00    4.965626E+00    7.731147E-01    4.840825E+00    8.488666E+00
    1.686483E+00    3.989817E+00    4.984217E+00    8.309880E-01    4.907815E+00    8.649704E+00
    1.686426E+00    4.003624E+00    5.002946E+00    8.894295E-01    4.976225E+00    8.812421E+00
    1.686369E+00    4.017519E+00    5.021812E+00    9.484412E-01    5.046061E+00    8.976831E+00
    1.686313E+00    4.031502E+00    5.040817E+00    1.008025E+00    5.117327E+00    9.142944E+00
    1.686258E+00    4.045574E+00    5.059960E+00    1.068183E+00    5.190030E+00    9.310775E+00
    1.686203E+00    4.059734E+00    5.079242E+00    1.128917E+00    5.264175E+00    9.480335E+00
    1.686150E+00    4.073984E+00    5.098665E+00    1.190230E+00    5.339765E+00    9.651636E+00
    1.686098E+00    4.088324E+00    5.118228E+00    1.252123E+00    5.416805E+00    9.824691E+00
    1.686047E+00    4.102753E+00    5.137932E+00    1.314599E+00    5.495298E+00    9.999510E+00
    1.685997E+00    4.117273E+00    5.157778E+00    1.377660E+00    5.575249E+00    1.017610E+01
    1.685948E+00    4.131884E+00    5.177765E+00    1.441309E+00    5.656659E+00    1.035448E+01
    1.685900E+00    4.146586E+00    5.197896E+00    1.505546E+00    5.739531E+00    1.053466E+01
    1.685854E+00    4.161380E+00    5.218170E+00    1.570375E+00    5.823869E+00    1.071663E+01
    1.685665E+00    4.227083E+00    5.308419E+00    1.860547E+00    6.209483E+00    1.153282E+01
    1.685502E+00    4.294577E+00    5.401456E+00    2.162254E+00    6.623235E+00    1.238408E+01
    1.685368E+00    4.363892E+00    5.497329E+00    2.475709E+00    7.065258E+00    1.327102E+01
    1.685264E+00    4.435062E+00    5.596080E+00    2.801134E+00    7.535724E+00    1.419443E+01
    1.685191E+00    4.508119E+00    5.697758E+00    3.138762E+00    8.034890E+00    1.515534E+01
    1.685152E+00    4.583097E+00    5.802406E+00    3.488839E+00    8.563123E+00    1.615476E+01
    1.685147E+00    4.660028E+00    5.910071E+00    3.851619E+00    9.120913E+00    1.719345E+01
    1.685176E+00    4.738946E+00    6.020800E+00    4.227366E+00    9.708853E+00    1.827188E+01
    1.685241E+00    4.819883E+00    6.134642E+00    4.616354E+00    1.032761E+01    1.939043E+01
    1.685342E+00    4.902873E+00    6.251643E+00    5.018864E+00    1.097790E+01    2.054969E+01
    1.685480E+00    4.987952E+00    6.371854E+00    5.435183E+00    1.166041E+01    2.175054E+01
    1.685653E+00    5.075152E+00    6.495324E+00    5.865604E+00    1.237578E+01    2.299400E+01
    1.685863E+00    5.164509E+00    6.622106E+00    6.310423E+00    1.312463E+01    2.428102E+01
    1.686109E+00    5.256059E+00    6.752253E+00    6.769940E+00    1.390748E+01    2.561241E+01
    1.686390E+00    5.349837E+00    6.885819E+00    7.244453E+00    1.472486E+01    2.698896E+01
    1.686707E+00    5.445881E+00    7.022859E+00    7.734262E+00    1.557732E+01    2.841156E+01
    1.687059E+00    5.544227E+00    7.163433E+00    8.239665E+00    1.646544E+01    2.988121E+01
    1.687445E+00    5.644915E+00    7.307600E+00    8.760959E+00    1.738990E+01    3.139888E+01
    1.687864E+00    5.747982E+00    7.455421E+00    9.298441E+00    1.835139E+01    3.296541E+01
    1.688317E+00    5.853469E+00    7.606959E+00    9.852405E+00    1.935063E+01    3.458156E+01
    1.688801E+00    5.961417E+00    7.762282E+00    1.042315E+01    2.038830E+01    3.624814E+01
    1.689317E+00    6.071867E+00    7.921456E+00    1.101097E+01    2.146503E+01    3.796618E+01
    1.689862E+00    6.184863E+00    8.084553E+00    1.161617E+01    2.258137E+01    3.973681E+01
    1.690438E+00    6.300447E+00    8.251645E+00    1.223906E+01    2.373787E+01    4.156115E+01
    1.691041E+00    6.418666E+00    8.422809E+00    1.287996E+01    2.493513E+01    4.344027E+01
    1.691672E+00    6.539564E+00    8.598123E+00    1.353920E+01    2.617385E+01    4.537519E+01
    1.692330E+00    6.663191E+00    8.777667E+00    1.421713E+01    2.745488E+01    4.736697E+01
    1.693013E+00    6.789594E+00    8.961527E+00    1.491411E+01    2.877913E+01    4.941674E+01
    1.693720E+00    6.918825E+00    9.149789E+00    1.563052E+01    3.014756E+01    5.152561E+01
    1.694450E+00    7.050934E+00    9.342543E+00    1.636677E+01    3.156110E+01    5.369467E+01
    1.695204E+00    7.185974E+00    9.539883E+00    1.712328E+01    3.302058E+01    5.592500E+01
    1.695978E+00    7.324002E+00    9.741905E+00    1.790049E+01    3.452681E+01    5.821787E+01
    1.696772E+00    7.465073E+00    9.948709E+00    1.869886E+01    3.608058E+01    6.057464E+01
    1.697586E+00    7.609245E+00    1.016040E+01    1.951888E+01    3.768274E+01    6.299666E+01
    1.698418E+00    7.756578E+00    1.037708E+01    2.036102E+01    3.933419E+01    6.548515E+01
    1.699268E+00    7.907134E+00    1.059886E+01    2.122581E+01    4.103590E+01    6.804136E+01
    1.700133E+00    8.060977E+00    1.082585E+01    2.211375E+01    4.278883E+01    7.066662E+01
    1.701014E+00    8.218172E+00    1.105817E+01    2.302535E+01    4.459391E+01    7.336233E+01
    1.701909E+00    8.378787E+00    1.129594E+01    2.396115E+01    4.645206E+01    7.612983E+01
    1.702818E+00    8.542892E+00    1.153929E+01    2.492166E+01    4.836420E+01    7.897054E+01
    1.703739E+00    8.710557E+00    1.178833E+01    2.590740E+01    5.033137E+01    8.188602E+01
    1.704671E+00    8.881858E+00    1.204320E+01    2.691889E+01    5.235466E+01    8.487783E+01
    1.705614E+00    9.056869E+00    1.230404E+01    2.795665E+01    5.443528E+01    8.794752E+01
    1.706567E+00    9.235671E+00    1.257097E+01    2.902119E+01    5.657443E+01    9.109655E+01
    1.707528E+00    9.418343E+00    1.284414E+01    3.011302E+01    5.877333E+01    9.432648E+01
    1.708498E+00    9.604968E+00    1.312369E+01    3.123267E+01    6.103311E+01    9.763896E+01
    1.709475E+00    9.795632E+00    1.340977E+01    3.238065E+01    6.335491E+01    1.010357E+02
    1.710458E+00    9.990424E+00    1.370252E+01    3.355751E+01    6.573986E+01    1.045184E+02
    1.711447E+00    1.018943E+01    1.400210E+01    3.476379E+01    6.818914E+01    1.080888E+02
    1.712441E+00    1.039275E+01    1.430867E+01    3.600006E+01    7.070402E+01    1.117488E+02
    1.713440E+00    1.060048E+01    1.462237E+01    3.726691E+01    7.328582E+01    1.155001E+02
    1.714441E+00    1.081271E+01    1.494338E+01    3.856496E+01    7.593586E+01    1.193446E+02
    1.715446E+00    1.102954E+01    1.527186E+01    3.989483E+01    7.865550E+01    1.232841E+02
    1.716453E+00    1.125109E+01    1.560797E+01    4.125720E+01    8.144610E+01    1.273206E+02
    1.717461E+00    1.147745E+01    1.595188E+01    4.265273E+01    8.430909E+01    1.314562E+02
    1.718471E+00    1.170873E+01    1.630377E+01    4.408212E+01    8.724602E+01    1.356929E+02
    1.719481E+00    1.194505E+01    1.666382E+01    4.554609E+01    9.025843E+01    1.400327E+02
    1.720490E+00    1.218652E+01    1.703220E+01    4.704536E+01    9.334786E+01    1.444778E+02
    1.721499E+00    1.243326E+01    1.740909E+01    4.858067E+01    9.651579E+01    1.490303E+02
    1.722507E+00    1.268538E+01    1.779468E+01    5.015276E+01    9.976369E+01    1.536924E+02
    1.723513E+00    1.294301E+01    1.818916E+01    5.176239E+01    1.030931E+02    1.584664E+02
    1.724517E+00    1.320628E+01    1.859271E+01    5.341033E+01    1.065058E+02    1.633547E+02
    1.725518E+00    1.347531E+01    1.900554E+01    5.509737E+01    1.100034E+02    1.683596E+02
    1.726517E+00    1.375024E+01    1.942783E+01    5.682433E+01    1.135877E+02    1.734834E+02
    1.727511E+00    1.403119E+01    1.985980E+01    5.859204E+01    1.172605E+02    1.787288E+02
    1.728502E+00    1.431831E+01    2.030164E+01    6.040137E+01    1.210235E+02    1.840981E+02
    1.729489E+00    1.461174E+01    2.075357E+01    6.225323E+01    1.248788E+02    1.895940E+02
    1.730470E+00    1.491161E+01    2.121579E+01    6.414854E+01    1.288281E+02    1.952192E+02
    1.731447E+00    1.521808E+01    2.168852E+01    6.608825E+01    1.328734E+02    2.009763E+02
    1.732419E+00    1.553128E+01    2.217199E+01    6.807334E+01    1.370166E+02    2.068681E+02
    1.733385E+00    1.585138E+01    2.266641E+01    7.010477E+01    1.412597E+02    2.128973E+02
    1.734345E+00    1.617852E+01    2.317203E+01    7.218353E+01    1.456046E+02    2.190669E+02
    1.735299E+00    1.651286E+01    2.368907E+01    7.431059E+01    1.500536E+02    2.253799E+02
    1.736246E+00    1.685457E+01    2.421778E+01    7.648694E+01    1.546089E+02    2.318391E+02
    1.737187E+00    1.720380E+01    2.475840E+01    7.871356E+01    1.592726E+02    2.384477E+02
    1.738121E+00    1.756072E+01    2.531119E+01    8.099147E+01    1.640471E+02    2.452089E+02
    1.739048E+00    1.792550E+01    2.587640E+01    8.332169E+01    1.689345E+02    2.521257E+02
    1.739967E+00    1.829832E+01    2.645430E+01    8.570529E+01    1.739373E+02    2.592016E+02
    1.740879E+00    1.867933E+01    2.704515E+01    8.814340E+01    1.790578E+02    2.664398E+02
    1.741783E+00    1.906874E+01    2.764924E+01    9.063715E+01    1.842985E+02    2.738438E+02
    1.742679E+00    1.946671E+01    2.826685E+01    9.318775E+01    1.896617E+02    2.814170E+02
    1.743567E+00    1.987344E+01    2.889828E+01    9.579641E+01    1.951502E+02    2.891630E+02
    1.744448E+00    2.028911E+01    2.954381E+01    9.846441E+01    2.007665E+02    2.970856E+02
    1.745319E+00    2.071391E+01    3.020375E+01    1.011930E+02    2.065135E+02    3.051884E+02
    1.746183E+00    2.114804E+01    3.087842E+01    1.039835E+02    2.123937E+02    3.134752E+02
    1.747037E+00    2.159170E+01    3.156813E+01    1.068372E+02    2.184099E+02    3.219499E+02
    1.747884E+00    2.204510E+01    3.227322E+01    1.097554E+02    2.245650E+02    3.306165E+02
    1.748721E+00    2.250844E+01    3.299401E+01    1.127396E+02    2.308620E+02    3.394790E+02
    1.749550E+00    2.298194E+01    3.373085E+01    1.157910E+02    2.373036E+02    3.485417E+02
    1.750370E+00    2.346581E+01    3.448410E+01    1.189112E+02    2.438931E+02    3.578088E+02
    1.751181E+00    2.396028E+01    3.525410E+01    1.221017E+02    2.506337E+02    3.672845E+02
    1.751982E+00    2.446557E+01    3.604122E+01    1.253639E+02    2.575284E+02    3.769734E+02
    1.752775E+00    2.498191E+01    3.684583E+01    1.286993E+02    2.645804E+02    3.868799E+02
    1.753559E+00    2.550954E+01    3.766831E+01    1.321097E+02    2.717932E+02    3.970088E+02
    1.754334E+00    2.604871E+01    3.850905E+01    1.355964E+02    2.791700E+02    4.073646E+02
    1.755100E+00    2.659965E+01    3.936845E+01    1.391612E+02    2.867144E+02    4.179523E+02
    1.755856E+00    2.716262E+01    4.024690E+01    1.428056E+02    2.944299E+02    4.287768E+02
    1.756604E+00    2.773789E+01    4.114482E+01    1.465313E+02    3.023201E+02    4.398431E+02
    1.757342E+00    2.832571E+01    4.206262E+01    1.503401E+02    3.103888E+02    4.511564E+02
    1.758071E+00    2.892636E+01    4.300073E+01    1.542337E+02    3.186397E+02    4.627220E+02
    1.758791E+00    2.954011E+01    4.395958E+01    1.582138E+02    3.270767E+02    4.745452E+02
    1.759502E+00    3.016725E+01    4.493962E+01    1.622825E+02    3.357036E+02    4.866315E+02
    1.760204E+00    3.080806E+01    4.594129E+01    1.664416E+02    3.445247E+02    4.989866E+02
    1.760897E+00    3.146285E+01    4.696505E+01    1.706930E+02    3.535439E+02    5.116162E+02
    1.761580E+00    3.213192E+01    4.801137E+01    1.750388E+02    3.627655E+02    5.245261E+02
    1.762255E+00    3.281557E+01    4.908073E+01    1.794809E+02    3.721938E+02    5.377224E+02
    1.762921E+00    3.351413E+01    5.017362E+01    1.840215E+02    3.818332E+02    5.512112E+02
    1.763578E+00    3.422791E+01    5.129053E+01    1.886627E+02    3.916881E+02    5.649987E+02
    1.764226E+00    3.495726E+01    5.243196E+01    1.934065E+02    4.017632E+02    5.790913E+02
    1.764865E+00    3.570251E+01    5.359844E+01    1.982552E+02    4.120633E+02    5.934955E+02
    1.765495E+00    3.646401E+01    5.479050E+01    2.032110E+02    4.225929E+02    6.082181E+02
    1.766117E+00    3.724211E+01    5.600868E+01    2.082762E+02    4.333572E+02    6.232659E+02
    1.766730E+00    3.803717E+01    5.725354E+01    2.134532E+02    4.443610E+02    6.386457E+02
    1.767335E+00    3.884956E+01    5.852563E+01    2.187443E+02    4.556094E+02    6.543648E+02
    1.767931E+00    3.967967E+01    5.982554E+01    2.241520E+02    4.671077E+02    6.704303E+02
    1.768518E+00    4.052787E+01    6.115387E+01    2.296787E+02    4.788614E+02    6.868498E+02
    1.769097E+00    4.139456E+01    6.251122E+01    2.353271E+02    4.908757E+02    7.036308E+02
    1.769668E+00    4.228013E+01    6.389822E+01    2.410996E+02    5.031562E+02    7.207811E+02
    1.770231E+00    4.318501E+01    6.531550E+01    2.469991E+02    5.157087E+02    7.383086E+02
    1.770785E+00    4.410961E+01    6.676371E+01    2.530282E+02    5.285390E+02    7.562214E+02
    1.771332E+00    4.505435E+01    6.824353E+01    2.591898E+02    5.416530E+02    7.745277E+02
    1.771870E+00    4.601966E+01    6.975564E+01    2.654867E+02    5.550568E+02    7.932361E+02
    1.772401E+00    4.700600E+01    7.130074E+01    2.719218E+02    5.687567E+02    8.123551E+02
    1.772923E+00    4.801381E+01    7.287954E+01    2.784981E+02    5.827588E+02    8.318936E+02
    1.773438E+00    4.904356E+01    7.449277E+01    2.852186E+02    5.970698E+02    8.518606E+02
    1.773946E+00    5.009572E+01    7.614120E+01    2.920863E+02    6.116962E+02    8.722653E+02
    1.774445E+00    5.117076E+01    7.782557E+01    2.991045E+02    6.266448E+02    8.931171E+02
    1.774938E+00    5.226919E+01    7.954668E+01    3.062764E+02    6.419225E+02    9.144256E+02
    1.775423E+00    5.339149E+01    8.130531E+01    3.136052E+02    6.575364E+02    9.362007E+02
    1.775900E+00    5.453819E+01    8.310229E+01    3.210944E+02    6.734936E+02    9.584523E+02
    1.776371E+00    5.570980E+01    8.493844E+01    3.287474E+02    6.898017E+02    9.811907E+02
    1.776834E+00    5.690686E+01    8.681462E+01    3.365677E+02    7.064679E+02    1.004426E+03
    1.777291E+00    5.812991E+01    8.873168E+01    3.445590E+02    7.235002E+02    1.028170E+03
    1.777741E+00    5.937951E+01    9.069052E+01    3.527249E+02    7.409063E+02    1.052433E+03
    1.778183E+00    6.065623E+01    9.269203E+01    3.610692E+02    7.586942E+02    1.077226E+03
    1.778620E+00    6.196065E+01    9.473713E+01    3.695958E+02    7.768722E+02    1.102560E+03
    1.779049E+00    6.329336E+01    9.682676E+01    3.783085E+02    7.954486E+02    1.128447E+03
    1.779472E+00    6.465498E+01    9.896188E+01    3.872113E+02    8.144320E+02    1.154900E+03
    1.779889E+00    6.604612E+01    1.011435E+02    3.963084E+02    8.338312E+02    1.181929E+03
    1.780300E+00    6.746742E+01    1.033725E+02    4.056039E+02    8.536550E+02    1.209549E+03
    1.780704E+00    6.891953E+01    1.056501E+02    4.151021E+02    8.739126E+02    1.237770E+03
    1.781103E+00    7.040311E+01    1.079772E+02    4.248073E+02    8.946134E+02    1.266607E+03
    1.781495E+00    7.191885E+01    1.103549E+02    4.347240E+02    9.157668E+02    1.296073E+03
    1.781882E+00    7.346744E+01    1.127842E+02    4.448569E+02    9.373826E+02    1.326181E+03
    1.782263E+00    7.504958E+01    1.152664E+02    4.552104E+02    9.594708E+02    1.356944E+03
    1.782638E+00    7.666602E+01    1.178026E+02    4.657895E+02    9.820415E+02    1.388378E+03
    1.783008E+00    7.831748E+01    1.203938E+02    4.765989E+02    1.005105E+03    1.420496E+03
    1.783372E+00    8.000473E+01    1.230414E+02    4.876437E+02    1.028672E+03    1.453314E+03
    1.783731E+00    8.172854E+01    1.257465E+02    4.989289E+02    1.052753E+03    1.486846E+03
    1.784085E+00    8.348971E+01    1.285104E+02    5.104595E+02    1.077360E+03    1.521107E+03
    1.784434E+00    8.528905E+01    1.313343E+02    5.222410E+02    1.102503E+03    1.556114E+03
    1.784778E+00    8.712739E+01    1.342195E+02    5.342787E+02    1.128195E+03    1.591882E+03
    1.785117E+00    8.900556E+01    1.371673E+02    5.465782E+02    1.154447E+03    1.628429E+03
    1.785452E+00    9.092443E+01    1.401792E+02    5.591452E+02    1.181270E+03    1.665769E+03
    1.785782E+00    9.288489E+01    1.432564E+02    5.719853E+02    1.208678E+03    1.703922E+03
    1.786107E+00    9.488782E+01    1.464003E+02    5.851044E+02    1.236683E+03    1.742904E+03
    1.786428E+00    9.693415E+01    1.496125E+02    5.985087E+02    1.265298E+03    1.782733E+03
    1.786745E+00    9.902482E+01    1.528943E+02    6.122041E+02    1.294536E+03    1.823427E+03
    1.787058E+00    1.011608E+02    1.562473E+02    6.261970E+02    1.324410E+03    1.865005E+03
    1.787367E+00    1.033430E+02    1.596730E+02    6.404938E+02    1.354934E+03    1.907487E+03
    1.787672E+00    1.055725E+02    1.631729E+02    6.551009E+02    1.386122E+03    1.950890E+03
    1.787974E+00    1.078503E+02    1.667486E+02    6.700252E+02    1.417988E+03    1.995236E+03
    1.788272E+00    1.101773E+02    1.704019E+02    6.852734E+02    1.450547E+03    2.040545E+03
    1.788566E+00    1.125548E+02    1.741344E+02    7.008525E+02    1.483814E+03    2.086837E+03
    1.788858E+00    1.149837E+02    1.779477E+02    7.167696E+02    1.517804E+03    2.134133E+03
    1.789146E+00    1.174653E+02    1.818436E+02    7.330321E+02    1.552532E+03    2.182455E+03
    1.789431E+00    1.200005E+02    1.858240E+02    7.496472E+02    1.588015E+03    2.231826E+03
    1.789713E+00    1.225906E+02    1.898906E+02    7.666226E+02    1.624268E+03    2.282267E+03
    1.789993E+00    1.252367E+02    1.940453E+02    7.839661E+02    1.661309E+03    2.333802E+03
    1.790270E+00    1.279401E+02    1.982900E+02    8.016855E+02    1.699153E+03    2.386454E+03
    1.790545E+00    1.307019E+02    2.026267E+02    8.197890E+02    1.737819E+03    2.440247E+03
    1.790818E+00    1.335235E+02    2.070572E+02    8.382848E+02    1.777323E+03    2.495206E+03
    1.791089E+00    1.364062E+02    2.115837E+02    8.571812E+02    1.817685E+03    2.551355E+03
    1.791358E+00    1.393512E+02    2.162081E+02    8.764870E+02    1.858922E+03    2.608721E+03
    1.791625E+00    1.423598E+02    2.209326E+02    8.962109E+02    1.901053E+03    2.667329E+03
    1.791891E+00    1.454336E+02    2.257593E+02    9.163618E+02    1.944097E+03    2.727207E+03
    1.792155E+00    1.485737E+02    2.306904E+02    9.369489E+02    1.988074E+03    2.788380E+03
    1.792419E+00    1.517817E+02    2.357281E+02    9.579816E+02    2.033004E+03    2.850878E+03
    1.792682E+00    1.550591E+02    2.408748E+02    9.794693E+02    2.078907E+03    2.914728E+03
    1.792944E+00    1.584072E+02    2.461327E+02    1.001422E+03    2.125805E+03    2.979959E+03
    1.793206E+00    1.618276E+02    2.515043E+02    1.023849E+03    2.173717E+03    3.046601E+03
    1.793467E+00    1.653219E+02    2.569920E+02    1.046762E+03    2.222666E+03    3.114684E+03
    1.793729E+00    1.688916E+02    2.625982E+02    1.070169E+03    2.272675E+03    3.184238E+03
    1.793991E+00    1.725384E+02    2.683255E+02    1.094083E+03    2.323765E+03    3.255296E+03
    1.794254E+00    1.762638E+02    2.741764E+02    1.118513E+03    2.375959E+03    3.327889E+03
    1.794518E+00    1.800696E+02    2.801536E+02    1.143471E+03    2.429282E+03    3.402050E+03
    1.794783E+00    1.839574E+02    2.862599E+02    1.168967E+03    2.483758E+03    3.477813E+03
    1.795050E+00    1.879291E+02    2.924978E+02    1.195014E+03    2.539410E+03    3.555211E+03
    1.795318E+00    1.919863E+02    2.988702E+02    1.221623E+03    2.596264E+03    3.634279E+03
    1.795589E+00    1.961310E+02    3.053801E+02    1.248806E+03    2.654345E+03    3.715052E+03
    1.795862E+00    2.003650E+02    3.120302E+02    1.276576E+03    2.713679E+03    3.797567E+03
    1.796138E+00    2.046902E+02    3.188236E+02    1.304943E+03    2.774293E+03    3.881861E+03
    1.796418E+00    2.091084E+02    3.257633E+02    1.333922E+03    2.836214E+03    3.967971E+03
    1.796702E+00    2.136218E+02    3.328524E+02    1.363525E+03    2.899469E+03    4.055935E+03
    1.796989E+00    2.182322E+02    3.400940E+02    1.393765E+03    2.964087E+03    4.145793E+03
    1.797282E+00    2.229418E+02    3.474914E+02    1.424656E+03    3.030096E+03    4.237585E+03
    1.797579E+00    2.277525E+02    3.550479E+02    1.456211E+03    3.097525E+03    4.331350E+03
    1.797883E+00    2.326666E+02    3.627667E+02    1.488444E+03    3.166405E+03    4.427131E+03
    1.798192E+00    2.376862E+02    3.706512E+02    1.521370E+03    3.236764E+03    4.524969E+03
    1.798509E+00    2.428135E+02    3.787050E+02    1.555003E+03    3.308635E+03    4.624907E+03
    1.798833E+00    2.480506E+02    3.869315E+02    1.589357E+03    3.382049E+03    4.726990E+03
    1.799165E+00    2.534000E+02    3.953343E+02    1.624447E+03    3.457037E+03    4.831261E+03
    1.799506E+00    2.588640E+02    4.039171E+02    1.660290E+03    3.533633E+03    4.937767E+03
    1.799856E+00    2.644448E+02    4.126835E+02    1.696900E+03    3.611870E+03    5.046552E+03
    1.800217E+00    2.701449E+02    4.216374E+02    1.734292E+03    3.691780E+03    5.157664E+03
    1.800589E+00    2.759668E+02    4.307827E+02    1.772484E+03    3.773399E+03    5.271151E+03
    1.800973E+00    2.819129E+02    4.401231E+02    1.811492E+03    3.856762E+03    5.387062E+03
    1.801369E+00    2.879859E+02    4.496627E+02    1.851331E+03    3.941903E+03    5.505445E+03
    1.801780E+00    2.941881E+02    4.594056E+02    1.892020E+03    4.028860E+03    5.626350E+03
    1.802206E+00    3.005223E+02    4.693557E+02    1.933575E+03    4.117668E+03    5.749829E+03
    1.802647E+00    3.069911E+02    4.795174E+02    1.976013E+03    4.208365E+03    5.875934E+03
    1.803106E+00    3.135972E+02    4.898948E+02    2.019352E+03    4.300989E+03    6.004716E+03
    1.803583E+00    3.203434E+02    5.004923E+02    2.063610E+03    4.395578E+03    6.136229E+03
    1.804079E+00    3.272323E+02    5.113140E+02    2.108806E+03    4.492170E+03    6.270527E+03
    1.804597E+00    3.342668E+02    5.223646E+02    2.154957E+03    4.590805E+03    6.407665E+03
    1.805137E+00    3.414497E+02    5.336485E+02    2.202082E+03    4.691523E+03    6.547697E+03
    1.805701E+00    3.487840E+02    5.451701E+02    2.250201E+03    4.794365E+03    6.690681E+03
    1.806291E+00    3.562725E+02    5.569340E+02    2.299331E+03    4.899370E+03    6.836673E+03
    1.806908E+00    3.639181E+02    5.689449E+02    2.349493E+03    5.006581E+03    6.985729E+03
    1.807555E+00    3.717239E+02    5.812074E+02    2.400706E+03    5.116038E+03    7.137909E+03
    1.808232E+00    3.796929E+02    5.937261E+02    2.452990E+03    5.227784E+03    7.293270E+03
    1.808943E+00    3.878280E+02    6.065060E+02    2.506364E+03    5.341861E+03    7.451871E+03
    1.809690E+00    3.961323E+02    6.195516E+02    2.560849E+03    5.458313E+03    7.613772E+03
    1.810474E+00    4.046089E+02    6.328679E+02    2.616464E+03    5.577181E+03    7.779031E+03
    1.811298E+00    4.132608E+02    6.464597E+02    2.673229E+03    5.698508E+03    7.947710E+03
    1.812165E+00    4.220911E+02    6.603318E+02    2.731166E+03    5.822339E+03    8.119869E+03
    1.813078E+00    4.311030E+02    6.744891E+02    2.790293E+03    5.948717E+03    8.295566E+03
    1.814039E+00    4.402994E+02    6.889364E+02    2.850632E+03    6.077684E+03    8.474864E+03
    1.815052E+00    4.496836E+02    7.036786E+02    2.912203E+03    6.209285E+03    8.657821E+03
    1.816120E+00    4.592585E+02    7.187206E+02    2.975026E+03    6.343562E+03    8.844499E+03
    1.817246E+00    4.690273E+02    7.340671E+02    3.039121E+03    6.480558E+03    9.034957E+03
    1.818435E+00    4.789929E+02    7.497229E+02    3.104508E+03    6.620317E+03    9.229253E+03
    1.819689E+00    4.891585E+02    7.656929E+02    3.171206E+03    6.762880E+03    9.427448E+03
    1.821013E+00    4.995269E+02    7.819816E+02    3.239236E+03    6.908289E+03    9.629599E+03
    1.822411E+00    5.101012E+02    7.985936E+02    3.308616E+03    7.056585E+03    9.835763E+03
    1.823888E+00    5.208841E+02    8.155335E+02    3.379366E+03    7.207808E+03    1.004600E+04
    1.825449E+00    5.318785E+02    8.328057E+02    3.451504E+03    7.361998E+03    1.026035E+04
    1.827099E+00    5.430872E+02    8.504144E+02    3.525047E+03    7.519194E+03    1.047889E+04
    1.828843E+00    5.545127E+02    8.683638E+02    3.600013E+03    7.679431E+03    1.070165E+04
    1.830686E+00    5.661576E+02    8.866579E+02    3.676418E+03    7.842746E+03    1.092869E+04
    1.832635E+00    5.780244E+02    9.053005E+02    3.754280E+03    8.009172E+03    1.116005E+04
    1.834696E+00    5.901153E+02    9.242952E+02    3.833611E+03    8.178742E+03    1.139578E+04
    1.836875E+00    6.024325E+02    9.436454E+02    3.914428E+03    8.351486E+03    1.163593E+04
    1.839180E+00    6.149780E+02    9.633542E+02    3.996742E+03    8.527431E+03    1.188053E+04
    1.841617E+00    6.277535E+02    9.834244E+02    4.080565E+03    8.706604E+03    1.212961E+04
    1.844194E+00    6.407608E+02    1.003859E+03    4.165909E+03    8.889025E+03    1.238320E+04
    1.846919E+00    6.540011E+02    1.024659E+03    4.252781E+03    9.074716E+03    1.264135E+04
    1.849799E+00    6.674757E+02    1.045827E+03    4.341190E+03    9.263692E+03    1.290405E+04
    1.852845E+00    6.811854E+02    1.067365E+03    4.431142E+03    9.455966E+03    1.317135E+04
    1.856063E+00    6.951308E+02    1.089273E+03    4.522641E+03    9.651546E+03    1.344323E+04
    1.859465E+00    7.093124E+02    1.111552E+03    4.615689E+03    9.850437E+03    1.371972E+04
    1.863059E+00    7.237301E+02    1.134202E+03    4.710285E+03    1.005264E+04    1.400082E+04
    1.866856E+00    7.383835E+02    1.157222E+03    4.806427E+03    1.025815E+04    1.428650E+04
    1.870865E+00    7.532720E+02    1.180612E+03    4.904111E+03    1.046695E+04    1.457677E+04
    1.875099E+00    7.683943E+02    1.204368E+03    5.003330E+03    1.067903E+04    1.487160E+04
    1.879566E+00    7.837490E+02    1.228490E+03    5.104072E+03    1.089437E+04    1.517095E+04
    1.884280E+00    7.993341E+02    1.252974E+03    5.206325E+03    1.111294E+04    1.547480E+04
    1.889251E+00    8.151470E+02    1.277815E+03    5.310073E+03    1.133471E+04    1.578308E+04
    1.894492E+00    8.311850E+02    1.303010E+03    5.415296E+03    1.155963E+04    1.609575E+04
    1.900015E+00    8.474443E+02    1.328553E+03    5.521971E+03    1.178765E+04    1.641273E+04
    1.905832E+00    8.639212E+02    1.354437E+03    5.630071E+03    1.201872E+04    1.673395E+04
    1.911956E+00    8.806108E+02    1.380655E+03    5.739568E+03    1.225278E+04    1.705932E+04
    1.918399E+00    8.975081E+02    1.407200E+03    5.850425E+03    1.248974E+04    1.738873E+04
    1.925175E+00    9.146073E+02    1.434061E+03    5.962607E+03    1.272954E+04    1.772208E+04
    1.932296E+00    9.319019E+02    1.461230E+03    6.076069E+03    1.297207E+04    1.805923E+04
    1.939776E+00    9.493849E+02    1.488694E+03    6.190767E+03    1.321725E+04    1.840005E+04
    1.947626E+00    9.670487E+02    1.516443E+03    6.306649E+03    1.346495E+04    1.874439E+04
    1.955860E+00    9.848850E+02    1.544462E+03    6.423662E+03    1.371508E+04    1.909209E+04
    1.964491E+00    1.002885E+03    1.572737E+03    6.541746E+03    1.396749E+04    1.944298E+04
    1.973530E+00    1.021038E+03    1.601254E+03    6.660838E+03    1.422206E+04    1.979686E+04
    1.982990E+00    1.039335E+03    1.629997E+03    6.780870E+03    1.447863E+04    2.015353E+04
    1.992882E+00    1.057765E+03    1.658948E+03    6.901771E+03    1.473707E+04    2.051278E+04
    2.003217E+00    1.076316E+03    1.688089E+03    7.023466E+03    1.499720E+04    2.087439E+04
    2.014006E+00    1.094976E+03    1.717401E+03    7.145874E+03    1.525886E+04    2.123813E+04
    2.025257E+00    1.113733E+03    1.746864E+03    7.268912E+03    1.552186E+04    2.160373E+04
    2.036981E+00    1.132572E+03    1.776458E+03    7.392495E+03    1.578603E+04    2.197095E+04
    2.049185E+00    1.151481E+03    1.806161E+03    7.516530E+03    1.605116E+04    2.233952E+04
    2.061877E+00    1.170446E+03    1.835950E+03    7.640926E+03    1.631707E+04    2.270916E+04
    2.075062E+00    1.189450E+03    1.865802E+03    7.765587E+03    1.658354E+04    2.307958E+04
    2.088746E+00    1.208481E+03    1.895695E+03    7.890413E+03    1.685037E+04    2.345050E+04
    2.102933E+00    1.227521E+03    1.925604E+03    8.015305E+03    1.711733E+04    2.382161E+04
    2.117626E+00    1.246557E+03    1.955504E+03    8.140161E+03    1.738422E+04    2.419261E+04
    2.132826E+00    1.265572E+03    1.985372E+03    8.264877E+03    1.765081E+04    2.456320E+04
    2.148532E+00    1.284549E+03    2.015181E+03    8.389350E+03    1.791688E+04    2.493306E+04
    2.164745E+00    1.303474E+03    2.044907E+03    8.513475E+03    1.818221E+04    2.530189E+04
    2.181462E+00    1.322331E+03    2.074525E+03    8.637148E+03    1.844657E+04    2.566938E+04
    2.198678E+00    1.341103E+03    2.104011E+03    8.760265E+03    1.870975E+04    2.603522E+04
    2.216388E+00    1.359776E+03    2.133339E+03    8.882724E+03    1.897151E+04    2.639909E+04
    2.234585E+00    1.378333E+03    2.162485E+03    9.004423E+03    1.923165E+04    2.676071E+04
    2.253261E+00    1.396760E+03    2.191427E+03    9.125263E+03    1.948996E+04    2.711978E+04
    2.272406E+00    1.415041E+03    2.220139E+03    9.245146E+03    1.974622E+04    2.747601E+04
    2.292010E+00    1.433162E+03    2.248601E+03    9.363979E+03    2.000023E+04    2.782911E+04
    2.312059E+00    1.451110E+03    2.276789E+03    9.481671E+03    2.025181E+04    2.817882E+04
    2.332542E+00    1.468871E+03    2.304684E+03    9.598132E+03    2.050075E+04    2.852488E+04
    2.353442E+00    1.486431E+03    2.332265E+03    9.713280E+03    2.074689E+04    2.886703E+04
    2.374743E+00    1.503779E+03    2.359513E+03    9.827033E+03    2.099005E+04    2.920504E+04
    2.396425E+00    1.520899E+03    2.386411E+03    9.939317E+03    2.123006E+04    2.953868E+04
    2.418314E+00    1.537685E+03    2.412970E+03    1.005006E+04    2.146678E+04    2.986775E+04
    2.389416E+00    1.528163E+03    2.445065E+03    1.015919E+04    2.170007E+04    3.019203E+04
