    1.500000E+00    1.500000E+00    1.500000E+00    1.500000E+00    1.500000E+00    1.500000E+00
    1.500002E+00    1.500002E+00    1.500002E+00    1.500002E+00    1.500002E+00    1.500003E+00
    1.500004E+00    1.500004E+00    1.500004E+00    1.500004E+00    1.500005E+00    1.500005E+00
    1.500006E+00    1.500006E+00    1.500006E+00    1.500006E+00    1.500006E+00    1.500007E+00
    1.500008E+00    1.500008E+00    1.500008E+00    1.500008E+00    1.500008E+00    1.500008E+00
    1.500009E+00    1.500009E+00    1.500009E+00    1.500009E+00    1.500010E+00    1.500010E+00
    1.500011E+00    1.500011E+00    1.500011E+00    1.500011E+00    1.500011E+00    1.500012E+00
    1.500013E+00    1.500013E+00    1.500013E+00    1.500013E+00    1.500013E+00    1.500014E+00
    1.500014E+00    1.500014E+00    1.500014E+00    1.500014E+00    1.500015E+00    1.500016E+00
    1.500016E+00    1.500016E+00    1.500016E+00    1.500016E+00    1.500017E+00    1.500018E+00
    1.500018E+00    1.500018E+00    1.500018E+00    1.500018E+00    1.500019E+00    1.500020E+00
    1.500021E+00    1.500021E+00    1.500021E+00    1.500021E+00    1.500021E+00    1.500023E+00
    1.500023E+00    1.500023E+00    1.500023E+00    1.500023E+00    1.500024E+00    1.500026E+00
    1.500026E+00    1.500026E+00    1.500026E+00    1.500026E+00    1.500027E+00    1.500030E+00
    1.500029E+00    1.500029E+00    1.500029E+00    1.500029E+00    1.500031E+00    1.500034E+00
    1.500032E+00    1.500032E+00    1.500032E+00    1.500033E+00    1.500034E+00    1.500039E+00
    1.500036E+00    1.500036E+00    1.500036E+00    1.500036E+00    1.500039E+00    1.500044E+00
    1.500040E+00    1.500040E+00    1.500040E+00    1.500041E+00    1.500044E+00    1.500050E+00
    1.500045E+00    1.500045E+00    1.500045E+00    1.500046E+00    1.500049E+00    1.500058E+00
    1.500050E+00    1.500050E+00    1.500050E+00    1.500051E+00    1.500056E+00    1.500066E+00
    1.500056E+00    1.500056E+00    1.500056E+00    1.500057E+00    1.500063E+00    1.500076E+00
    1.500063E+00    1.500063E+00    1.500063E+00    1.500064E+00    1.500071E+00    1.500088E+00
    1.500070E+00    1.500070E+00    1.500070E+00    1.500072E+00    1.500081E+00    1.500101E+00
    1.500079E+00    1.500079E+00    1.500079E+00    1.500081E+00    1.500092E+00    1.500117E+00
    1.500088E+00    1.500088E+00    1.500088E+00    1.500090E+00    1.500105E+00    1.500136E+00
    1.500098E+00    1.500098E+00    1.500098E+00    1.500101E+00    1.500119E+00    1.500159E+00
    1.500110E+00    1.500110E+00    1.500110E+00    1.500114E+00    1.500136E+00    1.500185E+00
    1.500123E+00    1.500123E+00    1.500123E+00    1.500128E+00    1.500155E+00    1.500217E+00
    1.500137E+00    1.500137E+00    1.500138E+00    1.500143E+00    1.500178E+00    1.500255E+00
    1.500153E+00    1.500154E+00    1.500154E+00    1.500161E+00    1.500204E+00    1.500300E+00
    1.500171E+00    1.500172E+00    1.500172E+00    1.500181E+00    1.500235E+00    1.500355E+00
    1.500191E+00    1.500192E+00    1.500192E+00    1.500203E+00    1.500271E+00    1.500421E+00
    1.500214E+00    1.500215E+00    1.500215E+00    1.500229E+00    1.500313E+00    1.500501E+00
    1.500239E+00    1.500240E+00    1.500241E+00    1.500258E+00    1.500363E+00    1.500597E+00
    1.500267E+00    1.500268E+00    1.500269E+00    1.500290E+00    1.500423E+00    1.500715E+00
    1.500299E+00    1.500300E+00    1.500301E+00    1.500328E+00    1.500493E+00    1.500858E+00
    1.500334E+00    1.500336E+00    1.500337E+00    1.500370E+00    1.500576E+00    1.501033E+00
    1.500373E+00    1.500375E+00    1.500377E+00    1.500418E+00    1.500676E+00    1.501246E+00
    1.500417E+00    1.500420E+00    1.500422E+00    1.500473E+00    1.500795E+00    1.501507E+00
    1.500466E+00    1.500469E+00    1.500472E+00    1.500537E+00    1.500939E+00    1.501828E+00
    1.500521E+00    1.500525E+00    1.500528E+00    1.500609E+00    1.501111E+00    1.502222E+00
    1.500582E+00    1.500587E+00    1.500591E+00    1.500692E+00    1.501320E+00    1.502707E+00
    1.500651E+00    1.500657E+00    1.500662E+00    1.500788E+00    1.501572E+00    1.503305E+00
    1.500727E+00    1.500735E+00    1.500741E+00    1.500898E+00    1.501877E+00    1.504043E+00
    1.500812E+00    1.500822E+00    1.500830E+00    1.501027E+00    1.502249E+00    1.504954E+00
    1.500908E+00    1.500920E+00    1.500930E+00    1.501175E+00    1.502702E+00    1.506080E+00
    1.501014E+00    1.501030E+00    1.501042E+00    1.501348E+00    1.503256E+00    1.507474E+00
    1.501133E+00    1.501153E+00    1.501168E+00    1.501550E+00    1.503932E+00    1.509200E+00
    1.501266E+00    1.501290E+00    1.501309E+00    1.501787E+00    1.504762E+00    1.511340E+00
    1.501414E+00    1.501445E+00    1.501468E+00    1.502065E+00    1.505780E+00    1.513993E+00
    1.501580E+00    1.501618E+00    1.501648E+00    1.502392E+00    1.507030E+00    1.517285E+00
    1.501765E+00    1.501812E+00    1.501849E+00    1.502779E+00    1.508570E+00    1.521372E+00
    1.501971E+00    1.502030E+00    1.502076E+00    1.503237E+00    1.510467E+00    1.526447E+00
    1.502201E+00    1.502275E+00    1.502333E+00    1.503782E+00    1.512806E+00    1.532751E+00
    1.502458E+00    1.502550E+00    1.502622E+00    1.504432E+00    1.515695E+00    1.540583E+00
    1.502745E+00    1.502859E+00    1.502950E+00    1.505208E+00    1.519263E+00    1.550316E+00
    1.503064E+00    1.503207E+00    1.503320E+00    1.506138E+00    1.523676E+00    1.562412E+00
    1.503421E+00    1.503598E+00    1.503740E+00    1.507255E+00    1.529136E+00    1.577443E+00
    1.503818E+00    1.504040E+00    1.504216E+00    1.508602E+00    1.535893E+00    1.596119E+00
    1.504260E+00    1.504537E+00    1.504757E+00    1.510227E+00    1.544261E+00    1.619322E+00
    1.504753E+00    1.505098E+00    1.505372E+00    1.512194E+00    1.554625E+00    1.648137E+00
    1.505302E+00    1.505732E+00    1.506073E+00    1.514579E+00    1.567463E+00    1.683908E+00
    1.505913E+00    1.506448E+00    1.506874E+00    1.517476E+00    1.583367E+00    1.728289E+00
    1.506592E+00    1.507259E+00    1.507790E+00    1.521001E+00    1.603066E+00    1.783311E+00
    1.507347E+00    1.508179E+00    1.508840E+00    1.525297E+00    1.627461E+00    1.851463E+00
    1.508186E+00    1.509222E+00    1.510045E+00    1.530538E+00    1.657660E+00    1.935785E+00
    1.509117E+00    1.510407E+00    1.511432E+00    1.536940E+00    1.695025E+00    2.039966E+00
    1.510150E+00    1.511755E+00    1.513031E+00    1.544769E+00    1.741223E+00    2.168467E+00
    1.511295E+00    1.513291E+00    1.514878E+00    1.554348E+00    1.798295E+00    2.326639E+00
    1.512563E+00    1.515045E+00    1.517018E+00    1.566075E+00    1.868719E+00    2.520845E+00
    1.513965E+00    1.517049E+00    1.519501E+00    1.580436E+00    1.955502E+00    2.758574E+00
    1.515515E+00    1.519345E+00    1.522389E+00    1.598026E+00    2.062271E+00    3.048513E+00
    1.517225E+00    1.521978E+00    1.525755E+00    1.619569E+00    2.193365E+00    3.400564E+00
    1.519109E+00    1.525003E+00    1.529687E+00    1.645944E+00    2.353948E+00    3.825744E+00
    1.521182E+00    1.528485E+00    1.534289E+00    1.678217E+00    2.550094E+00    4.335927E+00
    1.523460E+00    1.532500E+00    1.539684E+00    1.717678E+00    2.788873E+00    4.943332E+00
    1.525956E+00    1.537137E+00    1.546021E+00    1.765875E+00    3.078388E+00    5.659688E+00
    1.528688E+00    1.542501E+00    1.553475E+00    1.824665E+00    3.427755E+00    6.494973E+00
    1.531671E+00    1.548715E+00    1.562255E+00    1.896260E+00    3.846976E+00    7.455698E+00
    1.534919E+00    1.555925E+00    1.572609E+00    1.983282E+00    4.346680E+00    8.542731E+00
    1.538448E+00    1.564300E+00    1.584828E+00    2.088814E+00    4.937649E+00    9.748900E+00
    1.542271E+00    1.574040E+00    1.599259E+00    2.216455E+00    5.630105E+00    1.105680E+01
    1.546400E+00    1.585376E+00    1.616307E+00    2.370370E+00    6.432699E+00    1.243766E+01
    1.550844E+00    1.598582E+00    1.636448E+00    2.555320E+00    7.351191E+00    1.385250E+01
    1.555613E+00    1.613971E+00    1.660239E+00    2.776688E+00    8.386902E+00    1.525695E+01
    1.560709E+00    1.631910E+00    1.688326E+00    3.040464E+00    9.535111E+00    1.661081E+01
    1.566136E+00    1.652820E+00    1.721457E+00    3.353198E+00    1.078374E+01    1.789197E+01
    1.571889E+00    1.677189E+00    1.760494E+00    3.721901E+00    1.211291E+01    1.911120E+01
    1.577962E+00    1.705573E+00    1.806426E+00    4.153879E+00    1.349604E+01    2.032091E+01
    1.584343E+00    1.738609E+00    1.860380E+00    4.656496E+00    1.490335E+01    2.160812E+01
    1.591016E+00    1.777019E+00    1.923632E+00    5.236861E+00    1.630806E+01    2.306570E+01
    1.597960E+00    1.821622E+00    1.997623E+00    5.901440E+00    1.769503E+01    2.474856E+01
    1.605149E+00    1.873341E+00    2.083967E+00    6.655611E+00    1.906997E+01    2.664137E+01
    1.612552E+00    1.933209E+00    2.184459E+00    7.503220E+00    2.046567E+01    2.867347E+01
    1.620134E+00    2.002381E+00    2.301089E+00    8.446175E+00    2.194068E+01    3.079041E+01
    1.627858E+00    2.082142E+00    2.436046E+00    9.484205E+00    2.356694E+01    3.302813E+01
    1.635681E+00    2.173912E+00    2.591725E+00    1.061487E+01    2.540751E+01    3.549883E+01
    1.643563E+00    2.279260E+00    2.770732E+00    1.183394E+01    2.749327E+01    3.827775E+01
    1.651457E+00    2.399909E+00    2.975886E+00    1.313634E+01    2.981397E+01    4.133450E+01
    1.651457E+00    2.399909E+00    2.975886E+00    1.313634E+01    2.981397E+01    4.133450E+01
    1.651457E+00    2.399909E+00    2.975886E+00    1.313634E+01    2.981397E+01    4.133450E+01
    1.651457E+00    2.399909E+00    2.975886E+00    1.313634E+01    2.981397E+01    4.133450E+01
    1.651917E+00    2.407304E+00    2.988406E+00    1.320686E+01    2.994058E+01    4.149455E+01
    1.652368E+00    2.414712E+00    3.000951E+00    1.327699E+01    3.006318E+01    4.164819E+01
    1.652815E+00    2.422140E+00    3.013525E+00    1.334676E+01    3.018343E+01    4.180053E+01
    1.653259E+00    2.429588E+00    3.026129E+00    1.341620E+01    3.030235E+01    4.195290E+01
    1.653702E+00    2.437057E+00    3.038766E+00    1.348535E+01    3.042060E+01    4.210562E+01
    1.654143E+00    2.444549E+00    3.051435E+00    1.355425E+01    3.053858E+01    4.225878E+01
    1.654582E+00    2.452063E+00    3.064138E+00    1.362291E+01    3.065654E+01    4.241241E+01
    1.655020E+00    2.459600E+00    3.076875E+00    1.369137E+01    3.077462E+01    4.256652E+01
    1.655456E+00    2.467160E+00    3.089647E+00    1.375966E+01    3.089292E+01    4.272112E+01
    1.655891E+00    2.474744E+00    3.102455E+00    1.382779E+01    3.101151E+01    4.287622E+01
    1.656324E+00    2.482353E+00    3.115299E+00    1.389579E+01    3.113040E+01    4.303182E+01
    1.656757E+00    2.489985E+00    3.128180E+00    1.396368E+01    3.124963E+01    4.318792E+01
    1.657187E+00    2.497643E+00    3.141099E+00    1.403148E+01    3.136920E+01    4.334455E+01
    1.657616E+00    2.505326E+00    3.154056E+00    1.409920E+01    3.148912E+01    4.350170E+01
    1.658044E+00    2.513034E+00    3.167053E+00    1.416688E+01    3.160940E+01    4.365939E+01
    1.658470E+00    2.520768E+00    3.180089E+00    1.423451E+01    3.173003E+01    4.381763E+01
    1.658895E+00    2.528529E+00    3.193166E+00    1.430211E+01    3.185101E+01    4.397642E+01
    1.659318E+00    2.536317E+00    3.206284E+00    1.436971E+01    3.197236E+01    4.413578E+01
    1.659740E+00    2.544131E+00    3.219444E+00    1.443730E+01    3.209406E+01    4.429572E+01
    1.660161E+00    2.551973E+00    3.232646E+00    1.450491E+01    3.221611E+01    4.445625E+01
    1.660580E+00    2.559843E+00    3.245891E+00    1.457255E+01    3.233853E+01    4.461737E+01
    1.660998E+00    2.567741E+00    3.259180E+00    1.464022E+01    3.246130E+01    4.477911E+01
    1.661414E+00    2.575667E+00    3.272513E+00    1.470793E+01    3.258443E+01    4.494148E+01
    1.661828E+00    2.583622E+00    3.285891E+00    1.477570E+01    3.270791E+01    4.510448E+01
    1.662241E+00    2.591607E+00    3.299315E+00    1.484352E+01    3.283176E+01    4.526812E+01
    1.662653E+00    2.599621E+00    3.312785E+00    1.491142E+01    3.295596E+01    4.543243E+01
    1.663063E+00    2.607664E+00    3.326302E+00    1.497939E+01    3.308053E+01    4.559741E+01
    1.663472E+00    2.615739E+00    3.339866E+00    1.504744E+01    3.320545E+01    4.576307E+01
    1.663879E+00    2.623843E+00    3.353478E+00    1.511558E+01    3.333075E+01    4.592942E+01
    1.664284E+00    2.631979E+00    3.367139E+00    1.518382E+01    3.345641E+01    4.609648E+01
    1.664688E+00    2.640145E+00    3.380850E+00    1.525215E+01    3.358243E+01    4.626425E+01
    1.665091E+00    2.648344E+00    3.394610E+00    1.532059E+01    3.370883E+01    4.643275E+01
    1.665491E+00    2.656574E+00    3.408420E+00    1.538914E+01    3.383561E+01    4.660198E+01
    1.665890E+00    2.664836E+00    3.422282E+00    1.545781E+01    3.396276E+01    4.677196E+01
    1.666288E+00    2.673131E+00    3.436196E+00    1.552658E+01    3.409029E+01    4.694270E+01
    1.666684E+00    2.681459E+00    3.450161E+00    1.559548E+01    3.421821E+01    4.711420E+01
    1.667078E+00    2.689820E+00    3.464180E+00    1.566451E+01    3.434651E+01    4.728647E+01
    1.667470E+00    2.698214E+00    3.478252E+00    1.573366E+01    3.447520E+01    4.745952E+01
    1.667861E+00    2.706643E+00    3.492378E+00    1.580294E+01    3.460430E+01    4.763336E+01
    1.668249E+00    2.715105E+00    3.506558E+00    1.587236E+01    3.473379E+01    4.780799E+01
    1.668637E+00    2.723602E+00    3.520794E+00    1.594191E+01    3.486369E+01    4.798343E+01
    1.669022E+00    2.732134E+00    3.535085E+00    1.601160E+01    3.499400E+01    4.815966E+01
    1.669405E+00    2.740701E+00    3.549432E+00    1.608143E+01    3.512472E+01    4.833671E+01
    1.669787E+00    2.749303E+00    3.563837E+00    1.615140E+01    3.525587E+01    4.851457E+01
    1.670166E+00    2.757941E+00    3.578299E+00    1.622152E+01    3.538744E+01    4.869324E+01
    1.670544E+00    2.766616E+00    3.592818E+00    1.629179E+01    3.551944E+01    4.887274E+01
    1.670919E+00    2.775326E+00    3.607396E+00    1.636220E+01    3.565189E+01    4.905306E+01
    1.671293E+00    2.784073E+00    3.622034E+00    1.643277E+01    3.578478E+01    4.923420E+01
    1.671664E+00    2.792857E+00    3.636730E+00    1.650348E+01    3.591812E+01    4.941616E+01
    1.672034E+00    2.801678E+00    3.651487E+00    1.657435E+01    3.605191E+01    4.959895E+01
    1.672401E+00    2.810537E+00    3.666305E+00    1.664538E+01    3.618618E+01    4.978257E+01
    1.672766E+00    2.819434E+00    3.681184E+00    1.671657E+01    3.632091E+01    4.996701E+01
    1.673129E+00    2.828369E+00    3.696124E+00    1.678791E+01    3.645612E+01    5.015227E+01
    1.673489E+00    2.837342E+00    3.711127E+00    1.685941E+01    3.659182E+01    5.033836E+01
    1.673847E+00    2.846354E+00    3.726192E+00    1.693108E+01    3.672801E+01    5.052526E+01
    1.674203E+00    2.855405E+00    3.741321E+00    1.700290E+01    3.686470E+01    5.071298E+01
    1.674556E+00    2.864495E+00    3.756514E+00    1.707489E+01    3.700190E+01    5.090152E+01
    1.674907E+00    2.873625E+00    3.771770E+00    1.714705E+01    3.713961E+01    5.109087E+01
    1.675255E+00    2.882795E+00    3.787092E+00    1.721937E+01    3.727785E+01    5.128103E+01
    1.675600E+00    2.892005E+00    3.802479E+00    1.729187E+01    3.741661E+01    5.147200E+01
    1.675943E+00    2.901255E+00    3.817932E+00    1.736453E+01    3.755591E+01    5.166378E+01
    1.676283E+00    2.910546E+00    3.833452E+00    1.743736E+01    3.769576E+01    5.185635E+01
    1.676620E+00    2.919878E+00    3.849038E+00    1.751036E+01    3.783616E+01    5.204973E+01
    1.676954E+00    2.929251E+00    3.864692E+00    1.758354E+01    3.797712E+01    5.224390E+01
    1.677285E+00    2.938666E+00    3.880414E+00    1.765689E+01    3.811865E+01    5.243887E+01
    1.677613E+00    2.948122E+00    3.896204E+00    1.773042E+01    3.826075E+01    5.263462E+01
    1.677937E+00    2.957621E+00    3.912062E+00    1.780413E+01    3.840344E+01    5.283117E+01
    1.678259E+00    2.967162E+00    3.927991E+00    1.787802E+01    3.854672E+01    5.302850E+01
    1.678577E+00    2.976746E+00    3.943989E+00    1.795208E+01    3.869059E+01    5.322663E+01
    1.678892E+00    2.986372E+00    3.960057E+00    1.802633E+01    3.883507E+01    5.342553E+01
    1.679203E+00    2.996042E+00    3.976197E+00    1.810076E+01    3.898017E+01    5.362523E+01
    1.679511E+00    3.005755E+00    3.992408E+00    1.817537E+01    3.912588E+01    5.382570E+01
    1.679815E+00    3.015511E+00    4.008690E+00    1.825018E+01    3.927222E+01    5.402697E+01
    1.680115E+00    3.025312E+00    4.025045E+00    1.832517E+01    3.941919E+01    5.422902E+01
    1.680411E+00    3.035157E+00    4.041473E+00    1.840034E+01    3.956681E+01    5.443186E+01
    1.680704E+00    3.045046E+00    4.057974E+00    1.847571E+01    3.971507E+01    5.463549E+01
    1.680992E+00    3.054980E+00    4.074549E+00    1.855127E+01    3.986398E+01    5.483991E+01
    1.681276E+00    3.064959E+00    4.091198E+00    1.862703E+01    4.001355E+01    5.504513E+01
    1.681556E+00    3.074983E+00    4.107921E+00    1.870298E+01    4.016378E+01    5.525115E+01
    1.681832E+00    3.085053E+00    4.124720E+00    1.877912E+01    4.031469E+01    5.545798E+01
    1.682103E+00    3.095168E+00    4.141595E+00    1.885547E+01    4.046627E+01    5.566561E+01
    1.682370E+00    3.105330E+00    4.158546E+00    1.893202E+01    4.061854E+01    5.587406E+01
    1.682632E+00    3.115538E+00    4.175573E+00    1.900877E+01    4.077149E+01    5.608333E+01
    1.682890E+00    3.125792E+00    4.192678E+00    1.908572E+01    4.092513E+01    5.629343E+01
    1.683142E+00    3.136094E+00    4.209860E+00    1.916288E+01    4.107947E+01    5.650436E+01
    1.683390E+00    3.146442E+00    4.227121E+00    1.924024E+01    4.123451E+01    5.671613E+01
    1.683633E+00    3.156838E+00    4.244460E+00    1.931782E+01    4.139025E+01    5.692874E+01
    1.683871E+00    3.167282E+00    4.261878E+00    1.939561E+01    4.154670E+01    5.714222E+01
    1.684104E+00    3.177773E+00    4.279375E+00    1.947361E+01    4.170387E+01    5.735655E+01
    1.684332E+00    3.188313E+00    4.296953E+00    1.955183E+01    4.186175E+01    5.757175E+01
    1.684555E+00    3.198901E+00    4.314611E+00    1.963026E+01    4.202035E+01    5.778783E+01
    1.684772E+00    3.209539E+00    4.332350E+00    1.970892E+01    4.217967E+01    5.800479E+01
    1.684984E+00    3.220225E+00    4.350171E+00    1.978779E+01    4.233972E+01    5.822264E+01
    1.685191E+00    3.230961E+00    4.368074E+00    1.986689E+01    4.250049E+01    5.844140E+01
    1.685392E+00    3.241746E+00    4.386059E+00    1.994622E+01    4.266200E+01    5.866106E+01
    1.685588E+00    3.252582E+00    4.404127E+00    2.002577E+01    4.282424E+01    5.888164E+01
    1.685778E+00    3.263467E+00    4.422278E+00    2.010555E+01    4.298721E+01    5.910313E+01
    1.685963E+00    3.274404E+00    4.440514E+00    2.018557E+01    4.315092E+01    5.932556E+01
    1.686142E+00    3.285391E+00    4.458834E+00    2.026582E+01    4.331536E+01    5.954892E+01
    1.686315E+00    3.296430E+00    4.477239E+00    2.034631E+01    4.348055E+01    5.977323E+01
    1.686483E+00    3.307520E+00    4.495729E+00    2.042704E+01    4.364647E+01    5.999848E+01
    1.686645E+00    3.318662E+00    4.514306E+00    2.050801E+01    4.381314E+01    6.022469E+01
    1.686802E+00    3.329856E+00    4.532969E+00    2.058922E+01    4.398055E+01    6.045186E+01
    1.686953E+00    3.341103E+00    4.551719E+00    2.067068E+01    4.414871E+01    6.067999E+01
    1.687098E+00    3.352403E+00    4.570556E+00    2.075240E+01    4.431761E+01    6.090910E+01
    1.687237E+00    3.363756E+00    4.589482E+00    2.083436E+01    4.448725E+01    6.113918E+01
    1.687371E+00    3.375163E+00    4.608496E+00    2.091658E+01    4.465764E+01    6.137024E+01
    1.687499E+00    3.386624E+00    4.627599E+00    2.099905E+01    4.482878E+01    6.160228E+01
    1.687622E+00    3.398138E+00    4.646792E+00    2.108179E+01    4.500067E+01    6.183531E+01
    1.687739E+00    3.409708E+00    4.666074E+00    2.116478E+01    4.517331E+01    6.206934E+01
    1.687850E+00    3.421333E+00    4.685448E+00    2.124805E+01    4.534669E+01    6.230437E+01
    1.687956E+00    3.433013E+00    4.704912E+00    2.133158E+01    4.552083E+01    6.254040E+01
    1.688056E+00    3.444748E+00    4.724468E+00    2.141538E+01    4.569572E+01    6.277743E+01
    1.688151E+00    3.456540E+00    4.744116E+00    2.149945E+01    4.587136E+01    6.301548E+01
    1.688241E+00    3.468388E+00    4.763857E+00    2.158380E+01    4.604775E+01    6.325454E+01
    1.688325E+00    3.480294E+00    4.783691E+00    2.166843E+01    4.622490E+01    6.349461E+01
    1.688404E+00    3.492256E+00    4.803619E+00    2.175334E+01    4.640281E+01    6.373572E+01
    1.688478E+00    3.504276E+00    4.823642E+00    2.183854E+01    4.658147E+01    6.397785E+01
    1.688547E+00    3.516354E+00    4.843759E+00    2.192402E+01    4.676089E+01    6.422101E+01
    1.688611E+00    3.528491E+00    4.863971E+00    2.200980E+01    4.694108E+01    6.446521E+01
    1.688670E+00    3.540686E+00    4.884279E+00    2.209586E+01    4.712202E+01    6.471045E+01
    1.688724E+00    3.552940E+00    4.904684E+00    2.218223E+01    4.730373E+01    6.495674E+01
    1.688773E+00    3.565254E+00    4.925185E+00    2.226889E+01    4.748621E+01    6.520408E+01
    1.688817E+00    3.577629E+00    4.945784E+00    2.235586E+01    4.766946E+01    6.545248E+01
    1.688857E+00    3.590063E+00    4.966481E+00    2.244313E+01    4.785348E+01    6.570194E+01
    1.688892E+00    3.602558E+00    4.987276E+00    2.253071E+01    4.803827E+01    6.595247E+01
    1.688923E+00    3.615114E+00    5.008171E+00    2.261861E+01    4.822384E+01    6.620408E+01
    1.688950E+00    3.627732E+00    5.029165E+00    2.270681E+01    4.841019E+01    6.645676E+01
    1.688972E+00    3.640412E+00    5.050259E+00    2.279534E+01    4.859732E+01    6.671053E+01
    1.688991E+00    3.653155E+00    5.071453E+00    2.288419E+01    4.878525E+01    6.696539E+01
    1.689005E+00    3.665960E+00    5.092749E+00    2.297336E+01    4.897396E+01    6.722135E+01
    1.689015E+00    3.678828E+00    5.114146E+00    2.306286E+01    4.916347E+01    6.747841E+01
    1.689022E+00    3.691760E+00    5.135646E+00    2.315269E+01    4.935378E+01    6.773657E+01
    1.689025E+00    3.704756E+00    5.157248E+00    2.324285E+01    4.954489E+01    6.799585E+01
    1.689024E+00    3.717816E+00    5.178954E+00    2.333335E+01    4.973680E+01    6.825625E+01
    1.689020E+00    3.730941E+00    5.200763E+00    2.342419E+01    4.992953E+01    6.851777E+01
    1.689012E+00    3.744131E+00    5.222676E+00    2.351537E+01    5.012307E+01    6.878041E+01
    1.689001E+00    3.757387E+00    5.244694E+00    2.360690E+01    5.031744E+01    6.904419E+01
    1.688987E+00    3.770709E+00    5.266818E+00    2.369878E+01    5.051262E+01    6.930911E+01
    1.688970E+00    3.784098E+00    5.289047E+00    2.379101E+01    5.070864E+01    6.957517E+01
    1.688950E+00    3.797553E+00    5.311383E+00    2.388360E+01    5.090549E+01    6.984238E+01
    1.688927E+00    3.811075E+00    5.333825E+00    2.397655E+01    5.110318E+01    7.011074E+01
    1.688901E+00    3.824666E+00    5.356375E+00    2.406985E+01    5.130172E+01    7.038025E+01
    1.688873E+00    3.838324E+00    5.379032E+00    2.416353E+01    5.150110E+01    7.065093E+01
    1.688842E+00    3.852050E+00    5.401798E+00    2.425757E+01    5.170133E+01    7.092277E+01
    1.688809E+00    3.865846E+00    5.424673E+00    2.435199E+01    5.190242E+01    7.119578E+01
    1.688773E+00    3.879711E+00    5.447657E+00    2.444678E+01    5.210438E+01    7.146997E+01
    1.688736E+00    3.893645E+00    5.470751E+00    2.454195E+01    5.230720E+01    7.174533E+01
    1.688696E+00    3.907649E+00    5.493955E+00    2.463750E+01    5.251089E+01    7.202188E+01
    1.688654E+00    3.921724E+00    5.517270E+00    2.473343E+01    5.271546E+01    7.229962E+01
    1.688610E+00    3.935870E+00    5.540696E+00    2.482975E+01    5.292091E+01    7.257855E+01
    1.688565E+00    3.950087E+00    5.564234E+00    2.492646E+01    5.312724E+01    7.285869E+01
    1.688517E+00    3.964375E+00    5.587885E+00    2.502357E+01    5.333446E+01    7.314003E+01
    1.688468E+00    3.978736E+00    5.611648E+00    2.512107E+01    5.354258E+01    7.342259E+01
    1.688418E+00    3.993169E+00    5.635525E+00    2.521897E+01    5.375159E+01    7.370636E+01
    1.688366E+00    4.007675E+00    5.659515E+00    2.531728E+01    5.396150E+01    7.399136E+01
    1.688313E+00    4.022254E+00    5.683620E+00    2.541599E+01    5.417233E+01    7.427759E+01
    1.688258E+00    4.036907E+00    5.707839E+00    2.551511E+01    5.438406E+01    7.456507E+01
    1.688203E+00    4.051634E+00    5.732174E+00    2.561464E+01    5.459670E+01    7.485379E+01
    1.688146E+00    4.066435E+00    5.756624E+00    2.571458E+01    5.481026E+01    7.514377E+01
    1.688088E+00    4.081310E+00    5.781190E+00    2.581495E+01    5.502475E+01    7.543501E+01
    1.688030E+00    4.096261E+00    5.805874E+00    2.591573E+01    5.524016E+01    7.572752E+01
    1.687970E+00    4.111288E+00    5.830674E+00    2.601694E+01    5.545649E+01    7.602131E+01
    1.687910E+00    4.126390E+00    5.855592E+00    2.611857E+01    5.567377E+01    7.631639E+01
    1.687849E+00    4.141569E+00    5.880628E+00    2.622064E+01    5.589198E+01    7.661276E+01
    1.687788E+00    4.156824E+00    5.905783E+00    2.632313E+01    5.611113E+01    7.691044E+01
    1.687726E+00    4.172157E+00    5.931057E+00    2.642606E+01    5.633123E+01    7.720942E+01
    1.687663E+00    4.187567E+00    5.956450E+00    2.652943E+01    5.655228E+01    7.750973E+01
    1.687601E+00    4.203055E+00    5.981963E+00    2.663324E+01    5.677428E+01    7.781137E+01
    1.687537E+00    4.218621E+00    6.007597E+00    2.673749E+01    5.699724E+01    7.811434E+01
    1.687474E+00    4.234265E+00    6.033352E+00    2.684218E+01    5.722116E+01    7.841865E+01
    1.687411E+00    4.249989E+00    6.059228E+00    2.694733E+01    5.744605E+01    7.872431E+01
    1.687347E+00    4.265792E+00    6.085226E+00    2.705292E+01    5.767191E+01    7.903133E+01
    1.687284E+00    4.281674E+00    6.111346E+00    2.715897E+01    5.789875E+01    7.933971E+01
    1.687220E+00    4.297637E+00    6.137589E+00    2.726548E+01    5.812657E+01    7.964947E+01
    1.687157E+00    4.313680E+00    6.163955E+00    2.737244E+01    5.835537E+01    7.996060E+01
    1.687094E+00    4.329804E+00    6.190445E+00    2.747986E+01    5.858517E+01    8.027312E+01
    1.687031E+00    4.346009E+00    6.217060E+00    2.758775E+01    5.881596E+01    8.058702E+01
    1.686968E+00    4.362296E+00    6.243798E+00    2.769611E+01    5.904776E+01    8.090232E+01
    1.686906E+00    4.378665E+00    6.270662E+00    2.780493E+01    5.928056E+01    8.121902E+01
    1.686844E+00    4.395116E+00    6.297652E+00    2.791423E+01    5.951437E+01    8.153714E+01
    1.686782E+00    4.411650E+00    6.324768E+00    2.802399E+01    5.974921E+01    8.185666E+01
    1.686721E+00    4.428267E+00    6.352010E+00    2.813424E+01    5.998507E+01    8.217760E+01
    1.686661E+00    4.444967E+00    6.379379E+00    2.824496E+01    6.022196E+01    8.249997E+01
    1.686601E+00    4.461751E+00    6.406875E+00    2.835617E+01    6.045988E+01    8.282377E+01
    1.686542E+00    4.478620E+00    6.434500E+00    2.846785E+01    6.069885E+01    8.314901E+01
    1.686483E+00    4.495572E+00    6.462252E+00    2.858002E+01    6.093887E+01    8.347569E+01
    1.686426E+00    4.512610E+00    6.490134E+00    2.869268E+01    6.117995E+01    8.380382E+01
    1.686369E+00    4.529733E+00    6.518144E+00    2.880583E+01    6.142209E+01    8.413340E+01
    1.686313E+00    4.546942E+00    6.546285E+00    2.891948E+01    6.166529E+01    8.446445E+01
    1.686258E+00    4.564237E+00    6.574555E+00    2.903361E+01    6.190958E+01    8.479696E+01
    1.686204E+00    4.581618E+00    6.602957E+00    2.914825E+01    6.215494E+01    8.513095E+01
    1.686150E+00    4.599086E+00    6.631489E+00    2.926338E+01    6.240140E+01    8.546643E+01
    1.686098E+00    4.616641E+00    6.660153E+00    2.937902E+01    6.264894E+01    8.580339E+01
    1.686047E+00    4.634284E+00    6.688949E+00    2.949516E+01    6.289759E+01    8.614185E+01
    1.685997E+00    4.652014E+00    6.717877E+00    2.961180E+01    6.314735E+01    8.648182E+01
    1.685948E+00    4.669833E+00    6.746938E+00    2.972895E+01    6.339822E+01    8.682330E+01
    1.685900E+00    4.687740E+00    6.776133E+00    2.984662E+01    6.365022E+01    8.716630E+01
    1.685854E+00    4.705736E+00    6.805461E+00    2.996479E+01    6.390333E+01    8.751083E+01
    1.685665E+00    4.785396E+00    6.935149E+00    3.048705E+01    6.502232E+01    8.903387E+01
    1.685503E+00    4.866790E+00    7.067439E+00    3.101933E+01    6.616338E+01    9.058687E+01
    1.685368E+00    4.949950E+00    7.202368E+00    3.156180E+01    6.732696E+01    9.217048E+01
    1.685264E+00    5.034906E+00    7.339977E+00    3.211467E+01    6.851342E+01    9.378534E+01
    1.685192E+00    5.121689E+00    7.480306E+00    3.267814E+01    6.972312E+01    9.543218E+01
    1.685152E+00    5.210330E+00    7.623395E+00    3.325242E+01    7.095642E+01    9.711179E+01
    1.685147E+00    5.300860E+00    7.769286E+00    3.383773E+01    7.221370E+01    9.882501E+01
    1.685176E+00    5.393311E+00    7.918020E+00    3.443432E+01    7.349539E+01    1.005726E+02
    1.685241E+00    5.487715E+00    8.069642E+00    3.504241E+01    7.480200E+01    1.023553E+02
    1.685343E+00    5.584104E+00    8.224194E+00    3.566229E+01    7.613409E+01    1.041737E+02
    1.685480E+00    5.682511E+00    8.381723E+00    3.629421E+01    7.749230E+01    1.060285E+02
    1.685653E+00    5.782968E+00    8.542275E+00    3.693846E+01    7.887729E+01    1.079205E+02
    1.685863E+00    5.885511E+00    8.705899E+00    3.759533E+01    8.028974E+01    1.098506E+02
    1.686109E+00    5.990172E+00    8.872643E+00    3.826512E+01    8.173029E+01    1.118196E+02
    1.686391E+00    6.096988E+00    9.042560E+00    3.894813E+01    8.319958E+01    1.138284E+02
    1.686707E+00    6.205994E+00    9.215703E+00    3.964468E+01    8.469821E+01    1.158779E+02
    1.687059E+00    6.317225E+00    9.392126E+00    4.035507E+01    8.622680E+01    1.179691E+02
    1.687445E+00    6.430720E+00    9.571886E+00    4.107962E+01    8.778600E+01    1.201028E+02
    1.687865E+00    6.546516E+00    9.755043E+00    4.181864E+01    8.937649E+01    1.222801E+02
    1.688317E+00    6.664653E+00    9.941659E+00    4.257243E+01    9.099899E+01    1.245018E+02
    1.688801E+00    6.785170E+00    1.013180E+01    4.334130E+01    9.265426E+01    1.267689E+02
    1.689317E+00    6.908108E+00    1.032552E+01    4.412558E+01    9.434300E+01    1.290822E+02
    1.689863E+00    7.033509E+00    1.052290E+01    4.492556E+01    9.606589E+01    1.314428E+02
    1.690438E+00    7.161416E+00    1.072401E+01    4.574156E+01    9.782357E+01    1.338517E+02
    1.691041E+00    7.291874E+00    1.092892E+01    4.657391E+01    9.961666E+01    1.363102E+02
    1.691672E+00    7.424928E+00    1.113771E+01    4.742295E+01    1.014458E+02    1.388194E+02
    1.692330E+00    7.560625E+00    1.135047E+01    4.828901E+01    1.033119E+02    1.413802E+02
    1.693013E+00    7.699014E+00    1.156726E+01    4.917245E+01    1.052156E+02    1.439939E+02
    1.693720E+00    7.840143E+00    1.178818E+01    5.007367E+01    1.071580E+02    1.466616E+02
    1.694451E+00    7.984064E+00    1.201332E+01    5.099305E+01    1.091401E+02    1.493845E+02
    1.695204E+00    8.130831E+00    1.224277E+01    5.193101E+01    1.111628E+02    1.521637E+02
    1.695978E+00    8.280496E+00    1.247663E+01    5.288801E+01    1.132270E+02    1.550003E+02
    1.696773E+00    8.433116E+00    1.271499E+01    5.386449E+01    1.153335E+02    1.578958E+02
    1.697587E+00    8.588750E+00    1.295797E+01    5.486093E+01    1.174832E+02    1.608515E+02
    1.698419E+00    8.747455E+00    1.320565E+01    5.587785E+01    1.196771E+02    1.638687E+02
    1.699268E+00    8.909295E+00    1.345817E+01    5.691574E+01    1.219161E+02    1.669488E+02
    1.700134E+00    9.074331E+00    1.371562E+01    5.797514E+01    1.242012E+02    1.700931E+02
    1.701014E+00    9.242630E+00    1.397813E+01    5.905656E+01    1.265334E+02    1.733029E+02
    1.701910E+00    9.414259E+00    1.424581E+01    6.016056E+01    1.289137E+02    1.765798E+02
    1.702818E+00    9.589287E+00    1.451879E+01    6.128767E+01    1.313430E+02    1.799250E+02
    1.703739E+00    9.767786E+00    1.479719E+01    6.243842E+01    1.338225E+02    1.833403E+02
    1.704671E+00    9.949829E+00    1.508116E+01    6.361335E+01    1.363531E+02    1.868271E+02
    1.705614E+00    1.013549E+01    1.537081E+01    6.481299E+01    1.389361E+02    1.903871E+02
    1.706567E+00    1.032486E+01    1.566630E+01    6.603788E+01    1.415727E+02    1.940218E+02
    1.707529E+00    1.051800E+01    1.596775E+01    6.728855E+01    1.442643E+02    1.977327E+02
    1.708498E+00    1.071500E+01    1.627531E+01    6.856552E+01    1.470119E+02    2.015217E+02
    1.709475E+00    1.091596E+01    1.658914E+01    6.986934E+01    1.498169E+02    2.053903E+02
    1.710459E+00    1.112095E+01    1.690938E+01    7.120055E+01    1.526803E+02    2.093403E+02
    1.711448E+00    1.133006E+01    1.723618E+01    7.255971E+01    1.556035E+02    2.133735E+02
    1.712442E+00    1.154340E+01    1.756971E+01    7.394740E+01    1.585876E+02    2.174918E+02
    1.713440E+00    1.176105E+01    1.791012E+01    7.536422E+01    1.616340E+02    2.216970E+02
    1.714442E+00    1.198312E+01    1.825758E+01    7.681078E+01    1.647441E+02    2.259910E+02
    1.715446E+00    1.220970E+01    1.861224E+01    7.828773E+01    1.679193E+02    2.303757E+02
    1.716453E+00    1.244091E+01    1.897429E+01    7.979573E+01    1.711609E+02    2.348530E+02
    1.717462E+00    1.267683E+01    1.934389E+01    8.133548E+01    1.744706E+02    2.394251E+02
    1.718471E+00    1.291760E+01    1.972122E+01    8.290768E+01    1.778497E+02    2.440940E+02
    1.719481E+00    1.316331E+01    2.010645E+01    8.451306E+01    1.812999E+02    2.488618E+02
    1.720491E+00    1.341408E+01    2.049978E+01    8.615234E+01    1.848227E+02    2.537306E+02
    1.721500E+00    1.367003E+01    2.090137E+01    8.782629E+01    1.884198E+02    2.587027E+02
    1.722507E+00    1.393128E+01    2.131141E+01    8.953566E+01    1.920927E+02    2.637803E+02
    1.723514E+00    1.419796E+01    2.173011E+01    9.128121E+01    1.958428E+02    2.689657E+02
    1.724517E+00    1.447018E+01    2.215764E+01    9.306373E+01    1.996720E+02    2.742612E+02
    1.725519E+00    1.474808E+01    2.259421E+01    9.488403E+01    2.035819E+02    2.796694E+02
    1.726517E+00    1.503179E+01    2.304002E+01    9.674291E+01    2.075744E+02    2.851925E+02
    1.727512E+00    1.532144E+01    2.349526E+01    9.864124E+01    2.116514E+02    2.908331E+02
    1.728502E+00    1.561717E+01    2.396015E+01    1.005799E+02    2.158145E+02    2.965938E+02
    1.729489E+00    1.591913E+01    2.443490E+01    1.025598E+02    2.200658E+02    3.024772E+02
    1.730471E+00    1.622745E+01    2.491971E+01    1.045818E+02    2.244072E+02    3.084860E+02
    1.731448E+00    1.654228E+01    2.541482E+01    1.066470E+02    2.288406E+02    3.146228E+02
    1.732419E+00    1.686376E+01    2.592043E+01    1.087563E+02    2.333681E+02    3.208905E+02
    1.733385E+00    1.719206E+01    2.643679E+01    1.109106E+02    2.379915E+02    3.272919E+02
    1.734345E+00    1.752732E+01    2.696412E+01    1.131111E+02    2.427129E+02    3.338300E+02
    1.735299E+00    1.786971E+01    2.750265E+01    1.153587E+02    2.475346E+02    3.405076E+02
    1.736247E+00    1.821938E+01    2.805264E+01    1.176543E+02    2.524588E+02    3.473280E+02
    1.737188E+00    1.857649E+01    2.861433E+01    1.199990E+02    2.574878E+02    3.542940E+02
    1.738121E+00    1.894122E+01    2.918797E+01    1.223938E+02    2.626237E+02    3.614089E+02
    1.739048E+00    1.931372E+01    2.977383E+01    1.248398E+02    2.678690E+02    3.686760E+02
    1.739967E+00    1.969419E+01    3.037217E+01    1.273379E+02    2.732260E+02    3.760986E+02
    1.740879E+00    2.008278E+01    3.098326E+01    1.298894E+02    2.786971E+02    3.836800E+02
    1.741783E+00    2.047969E+01    3.160738E+01    1.324954E+02    2.842847E+02    3.914237E+02
    1.742680E+00    2.088508E+01    3.224481E+01    1.351571E+02    2.899914E+02    3.993332E+02
    1.743568E+00    2.129916E+01    3.289586E+01    1.378758E+02    2.958198E+02    4.074121E+02
    1.744448E+00    2.172211E+01    3.356082E+01    1.406526E+02    3.017727E+02    4.156641E+02
    1.745320E+00    2.215411E+01    3.423999E+01    1.434890E+02    3.078527E+02    4.240930E+02
    1.746183E+00    2.259538E+01    3.493369E+01    1.463861E+02    3.140625E+02    4.327025E+02
    1.747038E+00    2.304610E+01    3.564225E+01    1.493454E+02    3.204050E+02    4.414967E+02
    1.747884E+00    2.350649E+01    3.636599E+01    1.523681E+02    3.268831E+02    4.504795E+02
    1.748722E+00    2.397675E+01    3.710524E+01    1.554557E+02    3.334996E+02    4.596551E+02
    1.749550E+00    2.445710E+01    3.786035E+01    1.586095E+02    3.402576E+02    4.690276E+02
    1.750370E+00    2.494775E+01    3.863168E+01    1.618310E+02    3.471602E+02    4.786012E+02
    1.751181E+00    2.544893E+01    3.941957E+01    1.651217E+02    3.542106E+02    4.883804E+02
    1.751983E+00    2.596087E+01    4.022441E+01    1.684832E+02    3.614120E+02    4.983697E+02
    1.752776E+00    2.648379E+01    4.104655E+01    1.719169E+02    3.687676E+02    5.085735E+02
    1.753560E+00    2.701793E+01    4.188639E+01    1.754244E+02    3.762807E+02    5.189966E+02
    1.754334E+00    2.756354E+01    4.274431E+01    1.790074E+02    3.839548E+02    5.296436E+02
    1.755100E+00    2.812087E+01    4.362070E+01    1.826674E+02    3.917934E+02    5.405196E+02
    1.755857E+00    2.869016E+01    4.451598E+01    1.864060E+02    3.998001E+02    5.516293E+02
    1.756604E+00    2.927168E+01    4.543055E+01    1.902251E+02    4.079785E+02    5.629779E+02
    1.757342E+00    2.986568E+01    4.636483E+01    1.941262E+02    4.163324E+02    5.745706E+02
    1.758072E+00    3.047246E+01    4.731925E+01    1.981111E+02    4.248656E+02    5.864127E+02
    1.758792E+00    3.109227E+01    4.829424E+01    2.021817E+02    4.335819E+02    5.985095E+02
    1.759503E+00    3.172541E+01    4.929025E+01    2.063398E+02    4.424852E+02    6.108667E+02
    1.760204E+00    3.237216E+01    5.030774E+01    2.105875E+02    4.515798E+02    6.234898E+02
    1.760897E+00    3.303283E+01    5.134715E+01    2.149265E+02    4.608697E+02    6.363847E+02
    1.761581E+00    3.370771E+01    5.240896E+01    2.193591E+02    4.703593E+02    6.495571E+02
    1.762256E+00    3.439713E+01    5.349364E+01    2.238871E+02    4.800527E+02    6.630132E+02
    1.762921E+00    3.510138E+01    5.460170E+01    2.285126E+02    4.899545E+02    6.767590E+02
    1.763578E+00    3.582081E+01    5.573362E+01    2.332378E+02    5.000691E+02    6.908009E+02
    1.764226E+00    3.655574E+01    5.688991E+01    2.380648E+02    5.104012E+02    7.051453E+02
    1.764866E+00    3.730652E+01    5.807110E+01    2.429958E+02    5.209555E+02    7.197988E+02
    1.765496E+00    3.807348E+01    5.927771E+01    2.480331E+02    5.317368E+02    7.347679E+02
    1.766118E+00    3.885699E+01    6.051029E+01    2.531790E+02    5.427501E+02    7.500597E+02
    1.766731E+00    3.965741E+01    6.176940E+01    2.584358E+02    5.540003E+02    7.656810E+02
    1.767335E+00    4.047510E+01    6.305560E+01    2.638059E+02    5.654926E+02    7.816391E+02
    1.767931E+00    4.131045E+01    6.436947E+01    2.692917E+02    5.772322E+02    7.979411E+02
    1.768519E+00    4.216385E+01    6.571161E+01    2.748958E+02    5.892246E+02    8.145946E+02
    1.769098E+00    4.303567E+01    6.708263E+01    2.806206E+02    6.014752E+02    8.316072E+02
    1.769669E+00    4.392633E+01    6.848316E+01    2.864689E+02    6.139896E+02    8.489867E+02
    1.770231E+00    4.483624E+01    6.991382E+01    2.924433E+02    6.267735E+02    8.667410E+02
    1.770786E+00    4.576582E+01    7.137529E+01    2.985466E+02    6.398328E+02    8.848782E+02
    1.771332E+00    4.671548E+01    7.286822E+01    3.047815E+02    6.531733E+02    9.034066E+02
    1.771871E+00    4.768568E+01    7.439330E+01    3.111511E+02    6.668014E+02    9.223347E+02
    1.772401E+00    4.867684E+01    7.595123E+01    3.176581E+02    6.807231E+02    9.416712E+02
    1.772924E+00    4.968943E+01    7.754274E+01    3.243054E+02    6.949447E+02    9.614249E+02
    1.773439E+00    5.072390E+01    7.916855E+01    3.310963E+02    7.094729E+02    9.816048E+02
    1.773946E+00    5.178074E+01    8.082941E+01    3.380337E+02    7.243143E+02    1.002220E+03
    1.774446E+00    5.286041E+01    8.252609E+01    3.451207E+02    7.394756E+02    1.023280E+03
    1.774938E+00    5.396342E+01    8.425938E+01    3.523608E+02    7.549638E+02    1.044795E+03
    1.775423E+00    5.509025E+01    8.603007E+01    3.597571E+02    7.707860E+02    1.066775E+03
    1.775901E+00    5.624143E+01    8.783897E+01    3.673131E+02    7.869493E+02    1.089228E+03
    1.776371E+00    5.741748E+01    8.968693E+01    3.750321E+02    8.034613E+02    1.112167E+03
    1.776835E+00    5.861894E+01    9.157479E+01    3.829178E+02    8.203293E+02    1.135600E+03
    1.777291E+00    5.984633E+01    9.350341E+01    3.909737E+02    8.375613E+02    1.159540E+03
    1.777741E+00    6.110024E+01    9.547368E+01    3.992036E+02    8.551649E+02    1.183996E+03
    1.778184E+00    6.238121E+01    9.748650E+01    4.076112E+02    8.731483E+02    1.208980E+03
    1.778620E+00    6.368984E+01    9.954280E+01    4.162005E+02    8.915197E+02    1.234504E+03
    1.779050E+00    6.502673E+01    1.016435E+02    4.249752E+02    9.102876E+02    1.260579E+03
    1.779473E+00    6.639247E+01    1.037896E+02    4.339394E+02    9.294604E+02    1.287217E+03
    1.779890E+00    6.778769E+01    1.059820E+02    4.430972E+02    9.490469E+02    1.314431E+03
    1.780300E+00    6.921303E+01    1.082218E+02    4.524527E+02    9.690562E+02    1.342232E+03
    1.780705E+00    7.066914E+01    1.105100E+02    4.620103E+02    9.894973E+02    1.370633E+03
    1.781103E+00    7.215668E+01    1.128476E+02    4.717744E+02    1.010380E+03    1.399648E+03
    1.781496E+00    7.367633E+01    1.152357E+02    4.817493E+02    1.031713E+03    1.429290E+03
    1.781882E+00    7.522879E+01    1.176754E+02    4.919397E+02    1.053506E+03    1.459572E+03
    1.782263E+00    7.681477E+01    1.201677E+02    5.023503E+02    1.075770E+03    1.490508E+03
    1.782638E+00    7.843499E+01    1.227140E+02    5.129857E+02    1.098515E+03    1.522112E+03
    1.783008E+00    8.009020E+01    1.253152E+02    5.238510E+02    1.121751E+03    1.554400E+03
    1.783373E+00    8.178117E+01    1.279726E+02    5.349509E+02    1.145488E+03    1.587384E+03
    1.783732E+00    8.350865E+01    1.306875E+02    5.462907E+02    1.169738E+03    1.621081E+03
    1.784086E+00    8.527346E+01    1.334610E+02    5.578754E+02    1.194511E+03    1.655506E+03
    1.784435E+00    8.707640E+01    1.362945E+02    5.697104E+02    1.219820E+03    1.690675E+03
    1.784779E+00    8.891829E+01    1.391891E+02    5.818010E+02    1.245675E+03    1.726603E+03
    1.785118E+00    9.079998E+01    1.421463E+02    5.941528E+02    1.272088E+03    1.763308E+03
    1.785452E+00    9.272234E+01    1.451674E+02    6.067716E+02    1.299071E+03    1.800806E+03
    1.785782E+00    9.468624E+01    1.482538E+02    6.196629E+02    1.326638E+03    1.839113E+03
    1.786108E+00    9.669259E+01    1.514068E+02    6.328328E+02    1.354799E+03    1.878249E+03
    1.786429E+00    9.874230E+01    1.546279E+02    6.462872E+02    1.383569E+03    1.918229E+03
    1.786746E+00    1.008363E+02    1.579186E+02    6.600323E+02    1.412960E+03    1.959074E+03
    1.787059E+00    1.029756E+02    1.612804E+02    6.740743E+02    1.442985E+03    2.000801E+03
    1.787368E+00    1.051611E+02    1.647147E+02    6.884196E+02    1.473659E+03    2.043429E+03
    1.787673E+00    1.073938E+02    1.682233E+02    7.030749E+02    1.504996E+03    2.086978E+03
    1.787974E+00    1.096748E+02    1.718075E+02    7.180467E+02    1.537009E+03    2.131468E+03
    1.788272E+00    1.120050E+02    1.754692E+02    7.333420E+02    1.569713E+03    2.176919E+03
    1.788567E+00    1.143856E+02    1.792100E+02    7.489677E+02    1.603124E+03    2.223352E+03
    1.788858E+00    1.168176E+02    1.830315E+02    7.649309E+02    1.637256E+03    2.270788E+03
    1.789146E+00    1.193022E+02    1.869356E+02    7.812389E+02    1.672125E+03    2.319248E+03
    1.789432E+00    1.218405E+02    1.909241E+02    7.978992E+02    1.707747E+03    2.368755E+03
    1.789714E+00    1.244336E+02    1.949987E+02    8.149193E+02    1.744138E+03    2.419331E+03
    1.789994E+00    1.270827E+02    1.991613E+02    8.323069E+02    1.781314E+03    2.471000E+03
    1.790271E+00    1.297890E+02    2.034138E+02    8.500700E+02    1.819294E+03    2.523784E+03
    1.790546E+00    1.325538E+02    2.077582E+02    8.682167E+02    1.858093E+03    2.577708E+03
    1.790819E+00    1.353783E+02    2.121963E+02    8.867553E+02    1.897730E+03    2.632796E+03
    1.791089E+00    1.382637E+02    2.167304E+02    9.056941E+02    1.938222E+03    2.689074E+03
    1.791358E+00    1.412116E+02    2.213623E+02    9.250417E+02    1.979588E+03    2.746567E+03
    1.791625E+00    1.442230E+02    2.260942E+02    9.448070E+02    2.021847E+03    2.805300E+03
    1.791891E+00    1.472995E+02    2.309282E+02    9.649989E+02    2.065018E+03    2.865301E+03
    1.792156E+00    1.504424E+02    2.358665E+02    9.856266E+02    2.109120E+03    2.926598E+03
    1.792420E+00    1.536531E+02    2.409115E+02    1.006699E+03    2.154174E+03    2.989217E+03
    1.792682E+00    1.569331E+02    2.460652E+02    1.028227E+03    2.200199E+03    3.053187E+03
    1.792944E+00    1.602839E+02    2.513302E+02    1.050219E+03    2.247217E+03    3.118537E+03
    1.793206E+00    1.637069E+02    2.567087E+02    1.072685E+03    2.295250E+03    3.185296E+03
    1.793468E+00    1.672038E+02    2.622033E+02    1.095636E+03    2.344318E+03    3.253495E+03
    1.793730E+00    1.707761E+02    2.678163E+02    1.119081E+03    2.394443E+03    3.323165E+03
    1.793992E+00    1.744253E+02    2.735503E+02    1.143033E+03    2.445650E+03    3.394337E+03
    1.794255E+00    1.781533E+02    2.794079E+02    1.167500E+03    2.497959E+03    3.467043E+03
    1.794519E+00    1.819615E+02    2.853917E+02    1.192494E+03    2.551396E+03    3.541315E+03
    1.794784E+00    1.858518E+02    2.915044E+02    1.218028E+03    2.605984E+03    3.617188E+03
    1.795050E+00    1.898259E+02    2.977488E+02    1.244111E+03    2.661747E+03    3.694695E+03
    1.795319E+00    1.938856E+02    3.041276E+02    1.270755E+03    2.718711E+03    3.773871E+03
    1.795589E+00    1.980327E+02    3.106438E+02    1.297974E+03    2.776901E+03    3.854751E+03
    1.795863E+00    2.022690E+02    3.173001E+02    1.325778E+03    2.836343E+03    3.937372E+03
    1.796139E+00    2.065965E+02    3.240997E+02    1.354180E+03    2.897064E+03    4.021770E+03
    1.796419E+00    2.110170E+02    3.310455E+02    1.383193E+03    2.959090E+03    4.107984E+03
    1.796702E+00    2.155327E+02    3.381406E+02    1.412830E+03    3.022450E+03    4.196050E+03
    1.796990E+00    2.201453E+02    3.453883E+02    1.443103E+03    3.087171E+03    4.286009E+03
    1.797282E+00    2.248571E+02    3.527916E+02    1.474027E+03    3.153282E+03    4.377901E+03
    1.797580E+00    2.296701E+02    3.603539E+02    1.505615E+03    3.220812E+03    4.471765E+03
    1.797883E+00    2.345864E+02    3.680785E+02    1.537881E+03    3.289791E+03    4.567644E+03
    1.798193E+00    2.396081E+02    3.759688E+02    1.570838E+03    3.360250E+03    4.665579E+03
    1.798509E+00    2.447375E+02    3.840282E+02    1.604503E+03    3.432218E+03    4.765613E+03
    1.798833E+00    2.499768E+02    3.922603E+02    1.638888E+03    3.505729E+03    4.867791E+03
    1.799165E+00    2.553283E+02    4.006686E+02    1.674010E+03    3.580813E+03    4.972156E+03
    1.799506E+00    2.607942E+02    4.092569E+02    1.709883E+03    3.657503E+03    5.078754E+03
    1.799857E+00    2.663771E+02    4.180288E+02    1.746523E+03    3.735833E+03    5.187632E+03
    1.800218E+00    2.720793E+02    4.269881E+02    1.783946E+03    3.815836E+03    5.298835E+03
    1.800589E+00    2.779032E+02    4.361386E+02    1.822168E+03    3.897547E+03    5.412412E+03
    1.800973E+00    2.838513E+02    4.454843E+02    1.861204E+03    3.981001E+03    5.528411E+03
    1.801370E+00    2.899261E+02    4.550291E+02    1.901073E+03    4.066232E+03    5.646882E+03
    1.801781E+00    2.961303E+02    4.647771E+02    1.941790E+03    4.153277E+03    5.767874E+03
    1.802206E+00    3.024665E+02    4.747323E+02    1.983373E+03    4.242173E+03    5.891439E+03
    1.802648E+00    3.089372E+02    4.848990E+02    2.025840E+03    4.332957E+03    6.017629E+03
    1.803106E+00    3.155451E+02    4.952814E+02    2.069207E+03    4.425666E+03    6.146495E+03
    1.803583E+00    3.222931E+02    5.058838E+02    2.113492E+03    4.520340E+03    6.278092E+03
    1.804080E+00    3.291839E+02    5.167104E+02    2.158715E+03    4.617016E+03    6.412472E+03
    1.804598E+00    3.362202E+02    5.277658E+02    2.204893E+03    4.715734E+03    6.549691E+03
    1.805138E+00    3.434049E+02    5.390544E+02    2.252045E+03    4.816535E+03    6.689804E+03
    1.805702E+00    3.507410E+02    5.505807E+02    2.300190E+03    4.919457E+03    6.832868E+03
    1.806292E+00    3.582312E+02    5.623493E+02    2.349346E+03    5.024543E+03    6.978938E+03
    1.806909E+00    3.658786E+02    5.743648E+02    2.399534E+03    5.131833E+03    7.128073E+03
    1.807555E+00    3.736861E+02    5.866318E+02    2.450773E+03    5.241369E+03    7.280329E+03
    1.808233E+00    3.816567E+02    5.991551E+02    2.503082E+03    5.353192E+03    7.435766E+03
    1.808944E+00    3.897935E+02    6.119394E+02    2.556481E+03    5.467347E+03    7.594443E+03
    1.809690E+00    3.980995E+02    6.249894E+02    2.610990E+03    5.583874E+03    7.756418E+03
    1.810474E+00    4.065777E+02    6.383101E+02    2.666629E+03    5.702817E+03    7.921751E+03
    1.811299E+00    4.152313E+02    6.519062E+02    2.723419E+03    5.824219E+03    8.090503E+03
    1.812166E+00    4.240632E+02    6.657825E+02    2.781379E+03    5.948123E+03    8.262733E+03
    1.813079E+00    4.330766E+02    6.799440E+02    2.840530E+03    6.074573E+03    8.438502E+03
    1.814040E+00    4.422746E+02    6.943955E+02    2.900893E+03    6.203613E+03    8.617870E+03
    1.815053E+00    4.516603E+02    7.091418E+02    2.962486E+03    6.335284E+03    8.800897E+03
    1.816121E+00    4.612368E+02    7.241878E+02    3.025332E+03    6.469631E+03    8.987644E+03
    1.817247E+00    4.710071E+02    7.395383E+02    3.089449E+03    6.606697E+03    9.178169E+03
    1.818435E+00    4.809742E+02    7.551982E+02    3.154858E+03    6.746524E+03    9.372533E+03
    1.819689E+00    4.911413E+02    7.711720E+02    3.221579E+03    6.889155E+03    9.570794E+03
    1.821013E+00    5.015112E+02    7.874646E+02    3.289630E+03    7.034630E+03    9.773011E+03
    1.822412E+00    5.120869E+02    8.040805E+02    3.359032E+03    7.182993E+03    9.979239E+03
    1.823889E+00    5.228712E+02    8.210241E+02    3.429803E+03    7.334281E+03    1.018954E+04
    1.825450E+00    5.338670E+02    8.383000E+02    3.501961E+03    7.488536E+03    1.040396E+04
    1.827100E+00    5.450771E+02    8.559125E+02    3.575525E+03    7.645795E+03    1.062255E+04
    1.828843E+00    5.565040E+02    8.738655E+02    3.650511E+03    7.806095E+03    1.084537E+04
    1.830687E+00    5.681503E+02    8.921632E+02    3.726937E+03    7.969472E+03    1.107248E+04
    1.832636E+00    5.800184E+02    9.108094E+02    3.804818E+03    8.135960E+03    1.130390E+04
    1.834697E+00    5.921106E+02    9.298076E+02    3.884170E+03    8.305591E+03    1.153969E+04
    1.836876E+00    6.044291E+02    9.491613E+02    3.965006E+03    8.478395E+03    1.177990E+04
    1.839181E+00    6.169759E+02    9.688735E+02    4.047339E+03    8.654399E+03    1.202455E+04
    1.841618E+00    6.297527E+02    9.889471E+02    4.131181E+03    8.833630E+03    1.227369E+04
    1.844194E+00    6.427612E+02    1.009385E+03    4.216543E+03    9.016109E+03    1.252734E+04
    1.846919E+00    6.560028E+02    1.030188E+03    4.303434E+03    9.201857E+03    1.278554E+04
    1.849800E+00    6.694786E+02    1.051360E+03    4.391862E+03    9.390889E+03    1.304831E+04
    1.852845E+00    6.831895E+02    1.072901E+03    4.481832E+03    9.583218E+03    1.331565E+04
    1.856064E+00    6.971362E+02    1.094812E+03    4.573348E+03    9.778853E+03    1.358759E+04
    1.859466E+00    7.113189E+02    1.117094E+03    4.666413E+03    9.977798E+03    1.386414E+04
    1.863060E+00    7.257378E+02    1.139747E+03    4.761026E+03    1.018005E+04    1.414528E+04
    1.866856E+00    7.403923E+02    1.162771E+03    4.857186E+03    1.038561E+04    1.443102E+04
    1.870866E+00    7.552819E+02    1.186163E+03    4.954887E+03    1.059447E+04    1.472134E+04
    1.875099E+00    7.704054E+02    1.209923E+03    5.054122E+03    1.080660E+04    1.501621E+04
    1.879567E+00    7.857611E+02    1.234047E+03    5.154880E+03    1.102199E+04    1.531562E+04
    1.884281E+00    8.013473E+02    1.258534E+03    5.257149E+03    1.124061E+04    1.561951E+04
    1.889252E+00    8.171613E+02    1.283378E+03    5.360913E+03    1.146243E+04    1.592784E+04
    1.894493E+00    8.332003E+02    1.308576E+03    5.466151E+03    1.168739E+04    1.624056E+04
    1.900016E+00    8.494607E+02    1.334121E+03    5.572841E+03    1.191546E+04    1.655759E+04
    1.905833E+00    8.659385E+02    1.360008E+03    5.680957E+03    1.214658E+04    1.687885E+04
    1.911957E+00    8.826292E+02    1.386229E+03    5.790468E+03    1.238068E+04    1.720426E+04
    1.918400E+00    8.995274E+02    1.412776E+03    5.901340E+03    1.261769E+04    1.753372E+04
    1.925176E+00    9.166276E+02    1.439640E+03    6.013536E+03    1.285753E+04    1.786711E+04
    1.932297E+00    9.339231E+02    1.466811E+03    6.127012E+03    1.310011E+04    1.820430E+04
    1.939776E+00    9.514071E+02    1.494278E+03    6.241724E+03    1.334532E+04    1.854517E+04
    1.947627E+00    9.690718E+02    1.522029E+03    6.357620E+03    1.359307E+04    1.888955E+04
    1.955861E+00    9.869090E+02    1.550050E+03    6.474646E+03    1.384324E+04    1.923729E+04
    1.964492E+00    1.004910E+03    1.578328E+03    6.592743E+03    1.409569E+04    1.958821E+04
    1.973531E+00    1.023064E+03    1.606848E+03    6.711847E+03    1.435030E+04    1.994213E+04
    1.982991E+00    1.041362E+03    1.635592E+03    6.831892E+03    1.460691E+04    2.029884E+04
    1.992883E+00    1.059793E+03    1.664546E+03    6.952806E+03    1.486539E+04    2.065813E+04
    2.003218E+00    1.078344E+03    1.693689E+03    7.074512E+03    1.512555E+04    2.101978E+04
    2.014006E+00    1.097005E+03    1.723003E+03    7.196932E+03    1.538725E+04    2.138355E+04
    2.025258E+00    1.115763E+03    1.752468E+03    7.319982E+03    1.565029E+04    2.174919E+04
    2.036982E+00    1.134603E+03    1.782064E+03    7.443576E+03    1.591449E+04    2.211644E+04
    2.049186E+00    1.153513E+03    1.811769E+03    7.567623E+03    1.617966E+04    2.248504E+04
    2.061877E+00    1.172478E+03    1.841560E+03    7.692029E+03    1.644560E+04    2.285471E+04
    2.075063E+00    1.191483E+03    1.871414E+03    7.816700E+03    1.671210E+04    2.322517E+04
    2.088747E+00    1.210514E+03    1.901309E+03    7.941537E+03    1.697896E+04    2.359612E+04
    2.102934E+00    1.229556E+03    1.931219E+03    8.066439E+03    1.724596E+04    2.396726E+04
    2.117626E+00    1.248592E+03    1.961121E+03    8.191304E+03    1.751288E+04    2.433829E+04
    2.132826E+00    1.267607E+03    1.990990E+03    8.316030E+03    1.777950E+04    2.470891E+04
    2.148533E+00    1.286585E+03    2.020801E+03    8.440512E+03    1.804560E+04    2.507880E+04
    2.164746E+00    1.305511E+03    2.050529E+03    8.564646E+03    1.831095E+04    2.544766E+04
    2.181462E+00    1.324368E+03    2.080149E+03    8.688328E+03    1.857534E+04    2.581517E+04
    2.198678E+00    1.343141E+03    2.109636E+03    8.811454E+03    1.883854E+04    2.618103E+04
    2.216388E+00    1.361814E+03    2.138965E+03    8.933921E+03    1.910033E+04    2.654494E+04
    2.234585E+00    1.380372E+03    2.168114E+03    9.055628E+03    1.936050E+04    2.690658E+04
    2.253261E+00    1.398799E+03    2.197056E+03    9.176476E+03    1.961883E+04    2.726567E+04
    2.272407E+00    1.417081E+03    2.225770E+03    9.296367E+03    1.987511E+04    2.762192E+04
    2.292010E+00    1.435203E+03    2.254233E+03    9.415208E+03    2.012915E+04    2.797505E+04
    2.312060E+00    1.453151E+03    2.282423E+03    9.532906E+03    2.038074E+04    2.832478E+04
    2.332542E+00    1.470912E+03    2.310319E+03    9.649375E+03    2.062971E+04    2.867086E+04
    2.353442E+00    1.488473E+03    2.337901E+03    9.764529E+03    2.087587E+04    2.901303E+04
    2.374744E+00    1.505821E+03    2.365150E+03    9.878289E+03    2.111905E+04    2.935106E+04
    2.396426E+00    1.522941E+03    2.392049E+03    9.990579E+03    2.135908E+04    2.968472E+04
    2.418314E+00    1.539728E+03    2.418610E+03    1.010133E+04    2.159582E+04    3.001380E+04
    2.389417E+00    1.530207E+03    2.450706E+03    1.021047E+04    2.182913E+04    3.033811E+04
