    0.000000E+00    0.000000E+00    0.000000E+00    0.000000E+00    0.000000E+00    0.000000E+00
    0.000000E+00    0.000000E+00    0.000000E+00    0.000000E+00    0.000000E+00    0.000000E+00
    0.000000E+00    0.000000E+00    0.000000E+00    0.000000E+00    0.000000E+00    0.000000E+00
    0.000000E+00    0.000000E+00    0.000000E+00    0.000000E+00    0.000000E+00    0.000000E+00
    0.000000E+00    0.000000E+00    0.000000E+00    0.000000E+00    0.000000E+00    0.000000E+00
    0.000000E+00    0.000000E+00    0.000000E+00    0.000000E+00    0.000000E+00    0.000000E+00
    0.000000E+00    0.000000E+00    0.000000E+00    0.000000E+00    0.000000E+00    0.000000E+00
    0.000000E+00    0.000000E+00    0.000000E+00    0.000000E+00    0.000000E+00    0.000000E+00
    0.000000E+00    0.000000E+00    0.000000E+00    0.000000E+00    0.000000E+00    0.000000E+00
    0.000000E+00    0.000000E+00    0.000000E+00    0.000000E+00    0.000000E+00    0.000000E+00
    0.000000E+00    0.000000E+00    0.000000E+00    0.000000E+00    0.000000E+00    0.000000E+00
    0.000000E+00    0.000000E+00    0.000000E+00    0.000000E+00    0.000000E+00    0.000000E+00
    0.000000E+00    0.000000E+00    0.000000E+00    0.000000E+00    0.000000E+00    0.000000E+00
    0.000000E+00    0.000000E+00    0.000000E+00    0.000000E+00    0.000000E+00    0.000000E+00
    0.000000E+00    0.000000E+00    0.000000E+00    0.000000E+00    0.000000E+00    0.000000E+00
    0.000000E+00    0.000000E+00    0.000000E+00    0.000000E+00    0.000000E+00    0.000000E+00
    0.000000E+00    0.000000E+00    0.000000E+00    0.000000E+00    0.000000E+00    0.000000E+00
    0.000000E+00    0.000000E+00    0.000000E+00    0.000000E+00    0.000000E+00    0.000000E+00
    0.000000E+00    0.000000E+00    0.000000E+00    0.000000E+00    0.000000E+00    0.000000E+00
    0.000000E+00    0.000000E+00    0.000000E+00    0.000000E+00    0.000000E+00    0.000000E+00
    0.000000E+00    0.000000E+00    0.000000E+00    0.000000E+00    0.000000E+00    0.000000E+00
    0.000000E+00    0.000000E+00    0.000000E+00    0.000000E+00    0.000000E+00    0.000000E+00
    0.000000E+00    0.000000E+00    0.000000E+00    0.000000E+00    0.000000E+00    0.000000E+00
    0.000000E+00    0.000000E+00    0.000000E+00    0.000000E+00    0.000000E+00    0.000000E+00
    0.000000E+00    0.000000E+00    0.000000E+00    0.000000E+00    0.000000E+00    0.000000E+00
    0.000000E+00    0.000000E+00    0.000000E+00    0.000000E+00    0.000000E+00    0.000000E+00
    0.000000E+00    0.000000E+00    0.000000E+00    0.000000E+00    0.000000E+00    0.000000E+00
    0.000000E+00    0.000000E+00    0.000000E+00    0.000000E+00    0.000000E+00    0.000000E+00
    0.000000E+00    0.000000E+00    0.000000E+00    0.000000E+00    0.000000E+00    0.000000E+00
    0.000000E+00    0.000000E+00    0.000000E+00    0.000000E+00    0.000000E+00    0.000000E+00
    0.000000E+00    0.000000E+00    0.000000E+00    0.000000E+00    0.000000E+00    0.000000E+00
    0.000000E+00    0.000000E+00    0.000000E+00    0.000000E+00    0.000000E+00    0.000000E+00
    0.000000E+00    0.000000E+00    0.000000E+00    0.000000E+00    0.000000E+00    0.000000E+00
    0.000000E+00    0.000000E+00    0.000000E+00    0.000000E+00    0.000000E+00    0.000000E+00
    0.000000E+00    0.000000E+00    0.000000E+00    0.000000E+00    0.000000E+00    0.000000E+00
    0.000000E+00    0.000000E+00    0.000000E+00    0.000000E+00    0.000000E+00    0.000000E+00
    0.000000E+00    0.000000E+00    0.000000E+00    0.000000E+00    0.000000E+00    0.000000E+00
    0.000000E+00    0.000000E+00    0.000000E+00    0.000000E+00    0.000000E+00    0.000000E+00
    0.000000E+00    0.000000E+00    0.000000E+00    0.000000E+00    0.000000E+00    0.000000E+00
    0.000000E+00    0.000000E+00    0.000000E+00    0.000000E+00    0.000000E+00    0.000000E+00
    0.000000E+00    0.000000E+00    0.000000E+00    0.000000E+00    0.000000E+00    0.000000E+00
    0.000000E+00    0.000000E+00    0.000000E+00    0.000000E+00    0.000000E+00    0.000000E+00
    0.000000E+00    0.000000E+00    0.000000E+00    0.000000E+00    0.000000E+00    0.000000E+00
    0.000000E+00    0.000000E+00    0.000000E+00    0.000000E+00    0.000000E+00    0.000000E+00
    0.000000E+00    0.000000E+00    0.000000E+00    0.000000E+00    0.000000E+00    0.000000E+00
    0.000000E+00    0.000000E+00    0.000000E+00    0.000000E+00    0.000000E+00    0.000000E+00
    0.000000E+00    0.000000E+00    0.000000E+00    0.000000E+00    0.000000E+00    0.000000E+00
    0.000000E+00    0.000000E+00    0.000000E+00    0.000000E+00    0.000000E+00    0.000000E+00
    0.000000E+00    0.000000E+00    0.000000E+00    0.000000E+00    0.000000E+00    0.000000E+00
    0.000000E+00    0.000000E+00    0.000000E+00    0.000000E+00    0.000000E+00    0.000000E+00
    0.000000E+00    0.000000E+00    0.000000E+00    0.000000E+00    0.000000E+00    0.000000E+00
    0.000000E+00    0.000000E+00    0.000000E+00    0.000000E+00    0.000000E+00    0.000000E+00
    0.000000E+00    0.000000E+00    0.000000E+00    0.000000E+00    0.000000E+00    0.000000E+00
    0.000000E+00    0.000000E+00    0.000000E+00    0.000000E+00    0.000000E+00    0.000000E+00
    0.000000E+00    0.000000E+00    0.000000E+00    0.000000E+00    0.000000E+00    0.000000E+00
    0.000000E+00    0.000000E+00    0.000000E+00    0.000000E+00    0.000000E+00    0.000000E+00
    0.000000E+00    0.000000E+00    0.000000E+00    0.000000E+00    0.000000E+00    0.000000E+00
    0.000000E+00    0.000000E+00    0.000000E+00    0.000000E+00    0.000000E+00    0.000000E+00
    0.000000E+00    0.000000E+00    0.000000E+00    0.000000E+00    0.000000E+00    0.000000E+00
    0.000000E+00    0.000000E+00    0.000000E+00    0.000000E+00    0.000000E+00    0.000000E+00
    0.000000E+00    0.000000E+00    0.000000E+00    0.000000E+00    0.000000E+00    0.000000E+00
    0.000000E+00    0.000000E+00    0.000000E+00    0.000000E+00    0.000000E+00    0.000000E+00
    0.000000E+00    0.000000E+00    0.000000E+00    0.000000E+00    0.000000E+00    0.000000E+00
    0.000000E+00    0.000000E+00    0.000000E+00    0.000000E+00    0.000000E+00    0.000000E+00
    0.000000E+00    0.000000E+00    0.000000E+00    0.000000E+00    0.000000E+00    0.000000E+00
    0.000000E+00    0.000000E+00    0.000000E+00    0.000000E+00    0.000000E+00    0.000000E+00
    0.000000E+00    0.000000E+00    0.000000E+00    0.000000E+00    0.000000E+00    0.000000E+00
    0.000000E+00    0.000000E+00    0.000000E+00    0.000000E+00    0.000000E+00    0.000000E+00
    0.000000E+00    0.000000E+00    0.000000E+00    0.000000E+00    0.000000E+00    0.000000E+00
    0.000000E+00    0.000000E+00    0.000000E+00    0.000000E+00    0.000000E+00    0.000000E+00
    0.000000E+00    0.000000E+00    0.000000E+00    0.000000E+00    0.000000E+00    0.000000E+00
    0.000000E+00    0.000000E+00    0.000000E+00    0.000000E+00    0.000000E+00    0.000000E+00
    0.000000E+00    0.000000E+00    0.000000E+00    0.000000E+00    0.000000E+00    0.000000E+00
    0.000000E+00    0.000000E+00    0.000000E+00    0.000000E+00    0.000000E+00    0.000000E+00
    0.000000E+00    0.000000E+00    0.000000E+00    0.000000E+00    0.000000E+00    0.000000E+00
    0.000000E+00    0.000000E+00    0.000000E+00    0.000000E+00    0.000000E+00    0.000000E+00
    0.000000E+00    0.000000E+00    0.000000E+00    0.000000E+00    0.000000E+00    0.000000E+00
    0.000000E+00    0.000000E+00    0.000000E+00    0.000000E+00    0.000000E+00    0.000000E+00
    0.000000E+00    0.000000E+00    0.000000E+00    0.000000E+00    0.000000E+00    0.000000E+00
    0.000000E+00    0.000000E+00    0.000000E+00    0.000000E+00    0.000000E+00    0.000000E+00
    0.000000E+00    0.000000E+00    0.000000E+00    0.000000E+00    0.000000E+00    0.000000E+00
    0.000000E+00    0.000000E+00    0.000000E+00    0.000000E+00    0.000000E+00    0.000000E+00
    0.000000E+00    0.000000E+00    0.000000E+00    0.000000E+00    0.000000E+00    0.000000E+00
    0.000000E+00    0.000000E+00    0.000000E+00    0.000000E+00    0.000000E+00    0.000000E+00
    0.000000E+00    0.000000E+00    0.000000E+00    0.000000E+00    0.000000E+00    0.000000E+00
    0.000000E+00    0.000000E+00    0.000000E+00    0.000000E+00    0.000000E+00    0.000000E+00
    0.000000E+00    0.000000E+00    0.000000E+00    0.000000E+00    0.000000E+00    0.000000E+00
    0.000000E+00    0.000000E+00    0.000000E+00    0.000000E+00    0.000000E+00    0.000000E+00
    0.000000E+00    0.000000E+00    0.000000E+00    0.000000E+00    0.000000E+00    0.000000E+00
    0.000000E+00    0.000000E+00    0.000000E+00    0.000000E+00    0.000000E+00    0.000000E+00
    0.000000E+00    0.000000E+00    0.000000E+00    0.000000E+00    0.000000E+00    0.000000E+00
    0.000000E+00    0.000000E+00    0.000000E+00    0.000000E+00    0.000000E+00    0.000000E+00
    0.000000E+00    0.000000E+00    0.000000E+00    0.000000E+00    0.000000E+00    0.000000E+00
    0.000000E+00    0.000000E+00    0.000000E+00    0.000000E+00    0.000000E+00    0.000000E+00
    0.000000E+00    0.000000E+00    0.000000E+00    0.000000E+00    0.000000E+00    0.000000E+00
    0.000000E+00    0.000000E+00    0.000000E+00    0.000000E+00    0.000000E+00    0.000000E+00
    0.000000E+00    0.000000E+00    0.000000E+00    0.000000E+00    0.000000E+00    0.000000E+00
    0.000000E+00    0.000000E+00    0.000000E+00    0.000000E+00    0.000000E+00    0.000000E+00
    0.000000E+00    0.000000E+00    0.000000E+00    0.000000E+00    0.000000E+00    0.000000E+00
    0.000000E+00    0.000000E+00    0.000000E+00    0.000000E+00    0.000000E+00    0.000000E+00
    0.000000E+00    0.000000E+00    0.000000E+00    0.000000E+00    0.000000E+00    0.000000E+00
    0.000000E+00    0.000000E+00    0.000000E+00    0.000000E+00    0.000000E+00    0.000000E+00
    1.584397E-03    2.715284E-01    8.903538E-02    3.591318E-01    2.436384E+00    2.571877E+01
    1.586706E-03    2.666261E-01    7.769880E-02    4.242300E-01    3.214536E+00    2.629859E+01
    1.590261E-03    2.641473E-01    7.135534E-02    4.892347E-01    3.911356E+00    2.651350E+01
    1.594099E-03    2.618303E-01    6.527736E-02    5.517390E-01    4.586541E+00    2.655761E+01
    1.598044E-03    2.595653E-01    5.928993E-02    6.147318E-01    5.254843E+00    2.644614E+01
    1.602032E-03    2.573175E-01    5.333972E-02    6.792424E-01    5.918913E+00    2.618511E+01
    1.606041E-03    2.550745E-01    4.740898E-02    7.456013E-01    6.577906E+00    2.577715E+01
    1.610065E-03    2.528340E-01    4.149542E-02    8.138373E-01    7.229738E+00    2.522437E+01
    1.614097E-03    2.505934E-01    3.559489E-02    8.838955E-01    7.872455E+00    2.452915E+01
    1.618141E-03    2.483585E-01    2.972043E-02    9.557224E-01    8.504092E+00    2.369412E+01
    1.622192E-03    2.461251E-01    2.386366E-02    1.029194E+00    9.122936E+00    2.272325E+01
    1.626250E-03    2.438907E-01    1.801902E-02    1.104198E+00    9.727397E+00    2.162126E+01
    1.630316E-03    2.416552E-01    1.218675E-02    1.180634E+00    1.031593E+01    2.039351E+01
    1.634388E-03    2.394205E-01    6.371007E-03    1.258417E+00    1.088702E+01    1.904613E+01
    1.638471E-03    2.372052E-01    6.123018E-04    1.337539E+00    1.143888E+01    1.758547E+01
    1.642561E-03    2.349910E-01   -5.128631E-03    1.417824E+00    1.197042E+01    1.602011E+01
    1.646655E-03    2.327758E-01   -1.085580E-02    1.499180E+00    1.248032E+01    1.435853E+01
    1.650754E-03    2.305600E-01   -1.656841E-02    1.581526E+00    1.296724E+01    1.261000E+01
    1.654858E-03    2.283458E-01   -2.226167E-02    1.664790E+00    1.342982E+01    1.078440E+01
    1.658967E-03    2.261357E-01   -2.792951E-02    1.748901E+00    1.386667E+01    8.892246E+00
    1.663080E-03    2.239265E-01   -3.357906E-02    1.833770E+00    1.427669E+01    6.944776E+00
    1.667198E-03    2.217184E-01   -3.920939E-02    1.919322E+00    1.465863E+01    4.953640E+00
    1.671319E-03    2.195121E-01   -4.481900E-02    2.005486E+00    1.501131E+01    2.930961E+00
    1.675446E-03    2.173157E-01   -5.039024E-02    2.092211E+00    1.533339E+01    8.892354E-01
    1.679578E-03    2.151284E-01   -5.592451E-02    2.179421E+00    1.562383E+01   -1.158640E+00
    1.683713E-03    2.129452E-01   -6.143245E-02    2.267034E+00    1.588175E+01   -3.199610E+00
    1.687851E-03    2.107667E-01   -6.691244E-02    2.354985E+00    1.610616E+01   -5.220452E+00
    1.691992E-03    2.085939E-01   -7.236213E-02    2.443208E+00    1.629616E+01   -7.207894E+00
    1.696137E-03    2.064320E-01   -7.777012E-02    2.531644E+00    1.645079E+01   -9.148580E+00
    1.700284E-03    2.042790E-01   -8.314051E-02    2.620222E+00    1.656933E+01   -1.102937E+01
    1.704433E-03    2.021350E-01   -8.847279E-02    2.708876E+00    1.665112E+01   -1.283732E+01
    1.708585E-03    2.000012E-01   -9.376407E-02    2.797542E+00    1.669552E+01   -1.455978E+01
    1.712739E-03    1.978798E-01   -9.900977E-02    2.886156E+00    1.670198E+01   -1.618448E+01
    1.716896E-03    1.957745E-01   -1.042012E-01    2.974654E+00    1.666995E+01   -1.769957E+01
    1.721054E-03    1.936844E-01   -1.093404E-01    3.062969E+00    1.659916E+01   -1.909398E+01
    1.725213E-03    1.916108E-01   -1.144242E-01    3.151037E+00    1.648933E+01   -2.035727E+01
    1.729374E-03    1.895556E-01   -1.194483E-01    3.238790E+00    1.634029E+01   -2.147979E+01
    1.733535E-03    1.875212E-01   -1.244074E-01    3.326163E+00    1.615196E+01   -2.245275E+01
    1.737698E-03    1.855100E-01   -1.292959E-01    3.413087E+00    1.592437E+01   -2.326835E+01
    1.741861E-03    1.835237E-01   -1.341100E-01    3.499494E+00    1.565768E+01   -2.391991E+01
    1.746025E-03    1.815647E-01   -1.388446E-01    3.585315E+00    1.535215E+01   -2.440185E+01
    1.750189E-03    1.796355E-01   -1.434935E-01    3.670479E+00    1.500818E+01   -2.470985E+01
    1.754352E-03    1.777398E-01   -1.480492E-01    3.754913E+00    1.462624E+01   -2.484080E+01
    1.758516E-03    1.758803E-01   -1.525051E-01    3.838543E+00    1.420696E+01   -2.479302E+01
    1.762678E-03    1.740598E-01   -1.568552E-01    3.921294E+00    1.375113E+01   -2.456623E+01
    1.766840E-03    1.722818E-01   -1.610917E-01    4.003090E+00    1.325962E+01   -2.416157E+01
    1.771001E-03    1.705502E-01   -1.652063E-01    4.083850E+00    1.273344E+01   -2.358163E+01
    1.775160E-03    1.688707E-01   -1.691864E-01    4.163492E+00    1.217373E+01   -2.283046E+01
    1.779318E-03    1.672464E-01   -1.730253E-01    4.241934E+00    1.158181E+01   -2.191367E+01
    1.783474E-03    1.656812E-01   -1.767142E-01    4.319091E+00    1.095910E+01   -2.083838E+01
    1.787627E-03    1.641799E-01   -1.802429E-01    4.394876E+00    1.030719E+01   -1.961309E+01
    1.791778E-03    1.627490E-01   -1.835975E-01    4.469197E+00    9.627773E+00   -1.824770E+01
    1.795927E-03    1.613966E-01   -1.867602E-01    4.541953E+00    8.922653E+00   -1.675345E+01
    1.800073E-03    1.601259E-01   -1.897243E-01    4.613055E+00    8.193872E+00   -1.514301E+01
    1.804215E-03    1.589423E-01   -1.924781E-01    4.682410E+00    7.443567E+00   -1.343022E+01
    1.808354E-03    1.578522E-01   -1.950082E-01    4.749917E+00    6.674003E+00   -1.162997E+01
    1.812489E-03    1.568667E-01   -1.972908E-01    4.815461E+00    5.887533E+00   -9.758030E+00
    1.816621E-03    1.559951E-01   -1.993061E-01    4.878929E+00    5.086680E+00   -7.831121E+00
    1.820749E-03    1.552412E-01   -2.010461E-01    4.940225E+00    4.274133E+00   -5.866736E+00
    1.824871E-03    1.546120E-01   -2.024961E-01    4.999244E+00    3.452665E+00   -3.882811E+00
    1.828989E-03    1.541158E-01   -2.036385E-01    5.055875E+00    2.625144E+00   -1.897597E+00
    1.833103E-03    1.537710E-01   -2.044348E-01    5.109969E+00    1.794514E+00    7.055046E-02
    1.837213E-03    1.535851E-01   -2.048692E-01    5.161415E+00    9.638734E-01    2.003210E+00
    1.841317E-03    1.535634E-01   -2.049307E-01    5.210112E+00    1.363844E-01    3.882266E+00
    1.845415E-03    1.537146E-01   -2.046017E-01    5.255946E+00   -6.847447E-01    5.690137E+00
    1.849508E-03    1.540509E-01   -2.038566E-01    5.298793E+00   -1.496257E+00    7.409945E+00
    1.853597E-03    1.545960E-01   -2.026461E-01    5.338479E+00   -2.294814E+00    9.025617E+00
    1.857680E-03    1.553552E-01   -2.009598E-01    5.374909E+00   -3.077090E+00    1.052234E+01
    1.861758E-03    1.563352E-01   -1.987840E-01    5.407981E+00   -3.839783E+00    1.188669E+01
    1.865829E-03    1.575455E-01   -1.960998E-01    5.437590E+00   -4.579627E+00    1.310683E+01
    1.869895E-03    1.590049E-01   -1.928685E-01    5.463591E+00   -5.293338E+00    1.417250E+01
    1.873957E-03    1.607375E-01   -1.890407E-01    5.485819E+00   -5.977626E+00    1.507521E+01
    1.878014E-03    1.627466E-01   -1.846107E-01    5.504204E+00   -6.629462E+00    1.580887E+01
    1.882064E-03    1.650388E-01   -1.795658E-01    5.518666E+00   -7.245935E+00    1.636954E+01
    1.886108E-03    1.676230E-01   -1.738890E-01    5.529126E+00   -7.824285E+00    1.675547E+01
    1.890148E-03    1.705277E-01   -1.675219E-01    5.535416E+00   -8.361675E+00    1.696678E+01
    1.894183E-03    1.737690E-01   -1.604326E-01    5.537432E+00   -8.855582E+00    1.700609E+01
    1.898213E-03    1.773482E-01   -1.526206E-01    5.535149E+00   -9.303909E+00    1.687864E+01
    1.902237E-03    1.812693E-01   -1.440789E-01    5.528534E+00   -9.704794E+00    1.659179E+01
    1.906254E-03    1.855409E-01   -1.347924E-01    5.517549E+00   -1.005660E+01    1.615486E+01
    1.910267E-03    1.901968E-01   -1.246922E-01    5.502035E+00   -1.035754E+01    1.557850E+01
    1.914276E-03    1.952407E-01   -1.137732E-01    5.481991E+00   -1.060662E+01    1.487578E+01
    1.918279E-03    2.006695E-01   -1.020445E-01    5.457461E+00   -1.080328E+01    1.406138E+01
    1.922275E-03    2.064817E-01   -8.951182E-02    5.428488E+00   -1.094729E+01    1.315115E+01
    1.926264E-03    2.126867E-01   -7.615812E-02    5.395077E+00   -1.103857E+01    1.216162E+01
    1.930250E-03    2.193131E-01   -6.192719E-02    5.357146E+00   -1.107704E+01    1.110972E+01
    1.934229E-03    2.263512E-01   -4.684172E-02    5.314811E+00   -1.106363E+01    1.001333E+01
    1.938201E-03    2.337905E-01   -3.092683E-02    5.268205E+00   -1.099965E+01    8.890306E+00
    1.942164E-03    2.416210E-01   -1.420609E-02    5.217470E+00   -1.088676E+01    7.758072E+00
    1.946120E-03    2.498550E-01    3.342440E-03    5.162646E+00   -1.072649E+01    6.633166E+00
    1.950069E-03    2.585017E-01    2.173511E-02    5.103796E+00   -1.052075E+01    5.531301E+00
    1.954009E-03    2.675407E-01    4.092625E-02    5.041143E+00   -1.027227E+01    4.467253E+00
    1.957938E-03    2.769524E-01    6.087223E-02    4.974911E+00   -9.984034E+00    3.454263E+00
    1.961856E-03    2.867189E-01    8.153274E-02    4.905324E+00   -9.659213E+00    2.503856E+00
    1.965763E-03    2.968492E-01    1.029233E-01    4.832480E+00   -9.300665E+00    1.625685E+00
    1.969659E-03    3.073286E-01    1.250106E-01    4.756599E+00   -8.911854E+00    8.276167E-01
    1.973541E-03    3.181297E-01    1.477350E-01    4.677970E+00   -8.496588E+00    1.155234E-01
    1.977409E-03    3.292256E-01    1.710381E-01    4.596878E+00   -8.058737E+00   -5.067619E-01
    1.981260E-03    3.405936E-01    1.948704E-01    4.513594E+00   -7.602122E+00   -1.037378E+00
    1.985096E-03    3.522250E-01    2.192115E-01    4.428319E+00   -7.130333E+00   -1.476280E+00
    1.988916E-03    3.640922E-01    2.440017E-01    4.341349E+00   -6.647244E+00   -1.825220E+00
    1.992717E-03    3.761650E-01    2.691770E-01    4.252985E+00   -6.156680E+00   -2.087578E+00
    1.996498E-03    3.884143E-01    2.946752E-01    4.163524E+00   -5.662327E+00   -2.268144E+00
    2.000260E-03    4.008102E-01    3.204329E-01    4.073261E+00   -5.167726E+00   -2.372908E+00
    2.003999E-03    4.133226E-01    3.463869E-01    3.982486E+00   -4.676230E+00   -2.408829E+00
    2.007718E-03    4.259249E-01    3.724807E-01    3.891465E+00   -4.190938E+00   -2.383564E+00
    2.011414E-03    4.385911E-01    3.986599E-01    3.800458E+00   -3.714713E+00   -2.305249E+00
    2.015087E-03    4.512960E-01    4.248714E-01    3.709713E+00   -3.250168E+00   -2.182268E+00
    2.018737E-03    4.639904E-01    4.510142E-01    3.619569E+00   -2.799914E+00   -2.023203E+00
    2.022360E-03    4.766405E-01    4.770182E-01    3.530292E+00   -2.366078E+00   -1.836348E+00
    2.025960E-03    4.892297E-01    5.028491E-01    3.442059E+00   -1.950331E+00   -1.629516E+00
    2.029536E-03    5.017422E-01    5.284741E-01    3.355036E+00   -1.554079E+00   -1.410017E+00
    2.033090E-03    5.141558E-01    5.538476E-01    3.269409E+00   -1.178532E+00   -1.184573E+00
    2.036616E-03    5.264011E-01    5.788291E-01    3.185539E+00   -8.249790E-01   -9.594352E-01
    2.040118E-03    5.384612E-01    6.033843E-01    3.103559E+00   -4.939764E-01   -7.397185E-01
    2.043596E-03    5.503325E-01    6.275062E-01    3.023539E+00   -1.857665E-01   -5.296481E-01
    2.047053E-03    5.620117E-01    6.511883E-01    2.945543E+00    9.959926E-02   -3.326284E-01
    2.050490E-03    5.734697E-01    6.743724E-01    2.869723E+00    3.621213E-01   -1.513548E-01
    2.053902E-03    5.846402E-01    6.969258E-01    2.796351E+00    6.018646E-01    1.216360E-02
    2.057293E-03    5.955277E-01    7.188582E-01    2.725423E+00    8.194458E-01    1.569451E-01
    2.060666E-03    6.061396E-01    7.401857E-01    2.656920E+00    1.015602E+00    2.826572E-01
    2.064024E-03    6.164831E-01    7.609240E-01    2.590819E+00    1.191159E+00    3.895308E-01
    2.067365E-03    6.265148E-01    7.809867E-01    2.527264E+00    1.346904E+00    4.781655E-01
    2.070690E-03    6.362017E-01    8.003095E-01    2.466342E+00    1.483797E+00    5.496248E-01
    2.074001E-03    6.455588E-01    8.189235E-01    2.407977E+00    1.602976E+00    6.054004E-01
    2.077303E-03    6.545998E-01    8.368582E-01    2.352093E+00    1.705594E+00    6.471981E-01
    2.080597E-03    6.633341E-01    8.541335E-01    2.298630E+00    1.792801E+00    6.768581E-01
    2.083883E-03    6.717215E-01    8.706707E-01    2.247667E+00    1.865732E+00    6.962037E-01
    2.087162E-03    6.797615E-01    8.864710E-01    2.199154E+00    1.925573E+00    7.071406E-01
    2.090438E-03    6.874705E-01    9.015685E-01    2.152990E+00    1.973494E+00    7.115512E-01
    2.093714E-03    6.948635E-01    9.159950E-01    2.109082E+00    2.010628E+00    7.112171E-01
    2.096992E-03    7.019468E-01    9.297645E-01    2.067358E+00    2.038066E+00    7.077676E-01
    2.100271E-03    7.087038E-01    9.428459E-01    2.027802E+00    2.056873E+00    7.026192E-01
    2.103556E-03    7.151465E-01    9.552650E-01    1.990319E+00    2.068058E+00    6.970580E-01
    2.106847E-03    7.212889E-01    9.670511E-01    1.954815E+00    2.072569E+00    6.921797E-01
    2.110148E-03    7.271441E-01    9.782318E-01    1.921197E+00    2.071298E+00    6.888793E-01
    2.113461E-03    7.327195E-01    9.888236E-01    1.889387E+00    2.065084E+00    6.878410E-01
    2.116786E-03    7.380204E-01    9.988384E-01    1.859311E+00    2.054705E+00    6.895512E-01
    2.120126E-03    7.430579E-01    1.008300E+00    1.830885E+00    2.040878E+00    6.943315E-01
    2.123483E-03    7.478426E-01    1.017231E+00    1.804028E+00    2.024260E+00    7.023376E-01
    2.126858E-03    7.523844E-01    1.025652E+00    1.778659E+00    2.005451E+00    7.135767E-01
    2.130253E-03    7.566988E-01    1.033594E+00    1.754696E+00    1.984990E+00    7.279417E-01
    2.133670E-03    7.607968E-01    1.041083E+00    1.732064E+00    1.963368E+00    7.452055E-01
    2.137110E-03    7.646862E-01    1.048133E+00    1.710695E+00    1.941027E+00    7.650429E-01
    2.140574E-03    7.683741E-01    1.054760E+00    1.690527E+00    1.918359E+00    7.870594E-01
    2.144064E-03    7.718700E-01    1.060984E+00    1.671493E+00    1.895707E+00    8.108162E-01
    2.147582E-03    7.751943E-01    1.066846E+00    1.653519E+00    1.873370E+00    8.358681E-01
    2.151128E-03    7.783549E-01    1.072363E+00    1.636551E+00    1.851610E+00    8.617219E-01
    2.154703E-03    7.813565E-01    1.077545E+00    1.620537E+00    1.830653E+00    8.878799E-01
    2.158308E-03    7.842040E-01    1.082403E+00    1.605429E+00    1.810684E+00    9.138596E-01
    2.161944E-03    7.869089E-01    1.086959E+00    1.591175E+00    1.791858E+00    9.392165E-01
    2.165613E-03    7.894892E-01    1.091251E+00    1.577721E+00    1.774301E+00    9.635482E-01
    2.169315E-03    7.919487E-01    1.095285E+00    1.565028E+00    1.758109E+00    9.864709E-01
    2.173050E-03    7.942903E-01    1.099070E+00    1.553059E+00    1.743348E+00    1.007653E+00
    2.176819E-03    7.965173E-01    1.102612E+00    1.541778E+00    1.730060E+00    1.026818E+00
    2.180623E-03    7.986443E-01    1.105939E+00    1.531145E+00    1.718270E+00    1.043759E+00
    2.184463E-03    8.006815E-01    1.109073E+00    1.521126E+00    1.707983E+00    1.058319E+00
    2.188338E-03    8.026309E-01    1.112019E+00    1.511694E+00    1.699179E+00    1.070395E+00
    2.192249E-03    8.044945E-01    1.114779E+00    1.502819E+00    1.691819E+00    1.079941E+00
    2.196197E-03    8.062756E-01    1.117363E+00    1.494474E+00    1.685851E+00    1.086969E+00
    2.200181E-03    8.079879E-01    1.119796E+00    1.486634E+00    1.681218E+00    1.091545E+00
    2.204203E-03    8.096359E-01    1.122088E+00    1.479276E+00    1.677846E+00    1.093779E+00
    2.208262E-03    8.112207E-01    1.124242E+00    1.472379E+00    1.675643E+00    1.093822E+00
    2.212358E-03    8.127437E-01    1.126260E+00    1.465920E+00    1.674512E+00    1.091863E+00
    2.216491E-03    8.142091E-01    1.128152E+00    1.459879E+00    1.674352E+00    1.088119E+00
    2.220663E-03    8.156272E-01    1.129938E+00    1.454242E+00    1.675061E+00    1.082838E+00
    2.224872E-03    8.169993E-01    1.131619E+00    1.448989E+00    1.676525E+00    1.076280E+00
    2.229120E-03    8.183263E-01    1.133200E+00    1.444105E+00    1.678627E+00    1.068717E+00
    2.233405E-03    8.196089E-01    1.134681E+00    1.439572E+00    1.681250E+00    1.060425E+00
    2.237727E-03    8.208528E-01    1.136073E+00    1.435376E+00    1.684280E+00    1.051682E+00
    2.242088E-03    8.220635E-01    1.137388E+00    1.431506E+00    1.687607E+00    1.042759E+00
    2.246487E-03    8.232415E-01    1.138627E+00    1.427948E+00    1.691115E+00    1.033910E+00
    2.250923E-03    8.243873E-01    1.139790E+00    1.424687E+00    1.694698E+00    1.025370E+00
    2.255397E-03    8.255018E-01    1.140881E+00    1.421709E+00    1.698251E+00    1.017350E+00
    2.259909E-03    8.265906E-01    1.141911E+00    1.419007E+00    1.701680E+00    1.010041E+00
    2.264458E-03    8.276560E-01    1.142882E+00    1.416569E+00    1.704893E+00    1.003597E+00
    2.269045E-03    8.286982E-01    1.143797E+00    1.414382E+00    1.707808E+00    9.981391E-01
    2.273669E-03    8.297175E-01    1.144657E+00    1.412436E+00    1.710347E+00    9.937498E-01
    2.278330E-03    8.307153E-01    1.145464E+00    1.410719E+00    1.712446E+00    9.904778E-01
    2.283028E-03    8.316960E-01    1.146226E+00    1.409224E+00    1.714046E+00    9.883395E-01
    2.287762E-03    8.326601E-01    1.146945E+00    1.407941E+00    1.715097E+00    9.873107E-01
    2.292534E-03    8.336079E-01    1.147623E+00    1.406860E+00    1.715561E+00    9.873328E-01
    2.297342E-03    8.345396E-01    1.148258E+00    1.405969E+00    1.715406E+00    9.883160E-01
    2.302186E-03    8.354569E-01    1.148856E+00    1.405261E+00    1.714611E+00    9.901462E-01
    2.307066E-03    8.363627E-01    1.149420E+00    1.404729E+00    1.713165E+00    9.926873E-01
    2.311983E-03    8.372569E-01    1.149953E+00    1.404363E+00    1.711063E+00    9.957827E-01
    2.316935E-03    8.381397E-01    1.150453E+00    1.404153E+00    1.708310E+00    9.992641E-01
    2.321922E-03    8.390113E-01    1.150922E+00    1.404089E+00    1.704919E+00    1.002959E+00
    2.326945E-03    8.398738E-01    1.151364E+00    1.404167E+00    1.700910E+00    1.006696E+00
    2.332004E-03    8.407283E-01    1.151781E+00    1.404377E+00    1.696310E+00    1.010314E+00
    2.337097E-03    8.415750E-01    1.152173E+00    1.404712E+00    1.691152E+00    1.013660E+00
    2.342224E-03    8.424138E-01    1.152541E+00    1.405162E+00    1.685476E+00    1.016605E+00
    2.347387E-03    8.432450E-01    1.152886E+00    1.405720E+00    1.679324E+00    1.019040E+00
    2.352583E-03    8.440707E-01    1.153211E+00    1.406379E+00    1.672746E+00    1.020890E+00
    2.357814E-03    8.448910E-01    1.153517E+00    1.407132E+00    1.665790E+00    1.022106E+00
    2.363078E-03    8.457060E-01    1.153803E+00    1.407971E+00    1.658513E+00    1.022675E+00
    2.368377E-03    8.465157E-01    1.154072E+00    1.408888E+00    1.650969E+00    1.022613E+00
    2.373708E-03    8.473207E-01    1.154322E+00    1.409876E+00    1.643215E+00    1.021972E+00
    2.379073E-03    8.481223E-01    1.154558E+00    1.410931E+00    1.635309E+00    1.020830E+00
    2.402891E-03    8.515853E-01    1.155421E+00    1.416130E+00    1.600392E+00    1.012886E+00
    2.427320E-03    8.550045E-01    1.156054E+00    1.421914E+00    1.568031E+00    1.008348E+00
    2.452344E-03    8.583993E-01    1.156506E+00    1.427818E+00    1.541569E+00    1.014124E+00
    2.477944E-03    8.617841E-01    1.156814E+00    1.433446E+00    1.522850E+00    1.026822E+00
    2.504104E-03    8.651696E-01    1.157009E+00    1.438478E+00    1.512089E+00    1.035344E+00
    2.530808E-03    8.685638E-01    1.157114E+00    1.442675E+00    1.508043E+00    1.031077E+00
    2.558040E-03    8.719722E-01    1.157152E+00    1.445882E+00    1.508392E+00    1.016247E+00
    2.585785E-03    8.753993E-01    1.157139E+00    1.448023E+00    1.510289E+00    1.002077E+00
    2.614031E-03    8.788479E-01    1.157091E+00    1.449103E+00    1.511017E+00    9.983026E-01
    2.642763E-03    8.823203E-01    1.157022E+00    1.449196E+00    1.508647E+00    1.004491E+00
    2.671969E-03    8.858181E-01    1.156945E+00    1.448433E+00    1.502531E+00    1.011960E+00
    2.701638E-03    8.893424E-01    1.156871E+00    1.446997E+00    1.493462E+00    1.013550E+00
    2.731758E-03    8.928942E-01    1.156813E+00    1.445100E+00    1.483352E+00    1.010401E+00
    2.762319E-03    8.964743E-01    1.156782E+00    1.442974E+00    1.474475E+00    1.008833E+00
    2.793312E-03    9.000835E-01    1.156789E+00    1.440854E+00    1.468497E+00    1.012038E+00
    2.824728E-03    9.037226E-01    1.156845E+00    1.438964E+00    1.465703E+00    1.016619E+00
    2.856558E-03    9.073926E-01    1.156963E+00    1.437507E+00    1.464792E+00    1.017271E+00
    2.888796E-03    9.110947E-01    1.157155E+00    1.436655E+00    1.463437E+00    1.013129E+00
    2.921435E-03    9.148303E-01    1.157432E+00    1.436541E+00    1.459405E+00    1.008423E+00
    2.954467E-03    9.186011E-01    1.157808E+00    1.437260E+00    1.451742E+00    1.007690E+00
    2.987887E-03    9.224090E-01    1.158296E+00    1.438868E+00    1.441396E+00    1.011520E+00
    3.021691E-03    9.262563E-01    1.158910E+00    1.441383E+00    1.430874E+00    1.016816E+00
    3.055874E-03    9.301457E-01    1.159663E+00    1.444793E+00    1.423068E+00    1.020234E+00
    3.090431E-03    9.340801E-01    1.160571E+00    1.449062E+00    1.419807E+00    1.021281E+00
    3.125359E-03    9.380629E-01    1.161648E+00    1.454137E+00    1.420952E+00    1.022109E+00
    3.160655E-03    9.420978E-01    1.162910E+00    1.459953E+00    1.424551E+00    1.024601E+00
    3.196316E-03    9.461889E-01    1.164371E+00    1.466442E+00    1.427984E+00    1.027618E+00
    3.232341E-03    9.503406E-01    1.166048E+00    1.473534E+00    1.429404E+00    1.028678E+00
    3.268727E-03    9.545578E-01    1.167957E+00    1.481162E+00    1.428622E+00    1.028316E+00
    3.305473E-03    9.588457E-01    1.170112E+00    1.489256E+00    1.426909E+00    1.030300E+00
    3.342578E-03    9.632099E-01    1.172530E+00    1.497750E+00    1.425916E+00    1.036197E+00
    3.380041E-03    9.676562E-01    1.175226E+00    1.506573E+00    1.426487E+00    1.042533E+00
    3.417863E-03    9.721910E-01    1.178215E+00    1.515651E+00    1.428168E+00    1.045847E+00
    3.456043E-03    9.768207E-01    1.181513E+00    1.524904E+00    1.429698E+00    1.047665E+00
    3.494582E-03    9.815524E-01    1.185135E+00    1.534250E+00    1.430043E+00    1.051112E+00
    3.533481E-03    9.863931E-01    1.189093E+00    1.543602E+00    1.429193E+00    1.055561E+00
    3.572741E-03    9.913503E-01    1.193401E+00    1.552878E+00    1.428171E+00    1.058798E+00
    3.612363E-03    9.964316E-01    1.198072E+00    1.562007E+00    1.428330E+00    1.061869E+00
    3.652349E-03    1.001645E+00    1.203117E+00    1.570931E+00    1.430537E+00    1.067236E+00
    3.692701E-03    1.006999E+00    1.208547E+00    1.579619E+00    1.434770E+00    1.074193E+00
    3.733421E-03    1.012501E+00    1.214371E+00    1.588065E+00    1.440292E+00    1.080034E+00
    3.774511E-03    1.018159E+00    1.220597E+00    1.596296E+00    1.446154E+00    1.084193E+00
    3.815975E-03    1.023983E+00    1.227233E+00    1.604363E+00    1.451546E+00    1.088346E+00
    3.857814E-03    1.029981E+00    1.234284E+00    1.612343E+00    1.456090E+00    1.093614E+00
    3.900033E-03    1.036161E+00    1.241753E+00    1.620325E+00    1.459887E+00    1.099474E+00
    3.942634E-03    1.042531E+00    1.249643E+00    1.628399E+00    1.463432E+00    1.105322E+00
    3.985621E-03    1.049101E+00    1.257956E+00    1.636648E+00    1.467327E+00    1.111876E+00
    4.028998E-03    1.055879E+00    1.266691E+00    1.645138E+00    1.471855E+00    1.119441E+00
    4.072769E-03    1.062872E+00    1.275845E+00    1.653909E+00    1.476804E+00    1.126217E+00
    4.116938E-03    1.070088E+00    1.285415E+00    1.662982E+00    1.481965E+00    1.131453E+00
    4.161508E-03    1.077536E+00    1.295394E+00    1.672359E+00    1.487254E+00    1.137451E+00
    4.206486E-03    1.085223E+00    1.305777E+00    1.682035E+00    1.493422E+00    1.145127E+00
    4.251874E-03    1.093155E+00    1.316554E+00    1.692011E+00    1.501134E+00    1.152747E+00
    4.297677E-03    1.101341E+00    1.327715E+00    1.702305E+00    1.510146E+00    1.160335E+00
    4.343902E-03    1.109785E+00    1.339249E+00    1.712960E+00    1.519221E+00    1.168676E+00
    4.390552E-03    1.118493E+00    1.351144E+00    1.724045E+00    1.527149E+00    1.176401E+00
    4.437633E-03    1.127472E+00    1.363385E+00    1.735650E+00    1.533875E+00    1.183255E+00
    4.485150E-03    1.136725E+00    1.375958E+00    1.747869E+00    1.540461E+00    1.191077E+00
    4.533108E-03    1.146257E+00    1.388848E+00    1.760781E+00    1.547909E+00    1.200152E+00
    4.581514E-03    1.156072E+00    1.402038E+00    1.774430E+00    1.556252E+00    1.209252E+00
    4.630372E-03    1.166172E+00    1.415513E+00    1.788804E+00    1.564951E+00    1.218099E+00
    4.679689E-03    1.176559E+00    1.429256E+00    1.803831E+00    1.573898E+00    1.226941E+00
    4.729470E-03    1.187235E+00    1.443251E+00    1.819381E+00    1.583614E+00    1.235616E+00
    4.779721E-03    1.198201E+00    1.457481E+00    1.835283E+00    1.594387E+00    1.244379E+00
    4.830448E-03    1.209456E+00    1.471931E+00    1.851348E+00    1.605648E+00    1.254355E+00
    4.881658E-03    1.221001E+00    1.486586E+00    1.867407E+00    1.616496E+00    1.264860E+00
    4.933357E-03    1.232833E+00    1.501431E+00    1.883336E+00    1.626605E+00    1.274529E+00
    4.985551E-03    1.244950E+00    1.516455E+00    1.899076E+00    1.636379E+00    1.284281E+00
    5.038247E-03    1.257350E+00    1.531645E+00    1.914640E+00    1.646417E+00    1.294305E+00
    5.091451E-03    1.270028E+00    1.546992E+00    1.930097E+00    1.657143E+00    1.304508E+00
    5.145170E-03    1.282981E+00    1.562486E+00    1.945553E+00    1.668772E+00    1.315815E+00
    5.199411E-03    1.296204E+00    1.578122E+00    1.961119E+00    1.681220E+00    1.327036E+00
    5.254180E-03    1.309691E+00    1.593893E+00    1.976880E+00    1.694090E+00    1.337624E+00
    5.309485E-03    1.323437E+00    1.609797E+00    1.992888E+00    1.707029E+00    1.348502E+00
    5.365332E-03    1.337434E+00    1.625832E+00    2.009157E+00    1.719991E+00    1.359922E+00
    5.421728E-03    1.351677E+00    1.641997E+00    2.025679E+00    1.732888E+00    1.371824E+00
    5.478682E-03    1.366157E+00    1.658295E+00    2.042457E+00    1.745466E+00    1.384006E+00
    5.536199E-03    1.380868E+00    1.674728E+00    2.059519E+00    1.757870E+00    1.395808E+00
    5.594287E-03    1.395803E+00    1.691301E+00    2.076936E+00    1.771015E+00    1.407456E+00
    5.652954E-03    1.410953E+00    1.708019E+00    2.094816E+00    1.785435E+00    1.420044E+00
    5.712207E-03    1.426311E+00    1.724888E+00    2.113271E+00    1.800548E+00    1.432904E+00
    5.772054E-03    1.441870E+00    1.741916E+00    2.132389E+00    1.815549E+00    1.445876E+00
    5.832502E-03    1.457622E+00    1.759109E+00    2.152198E+00    1.830466E+00    1.458629E+00
    5.893559E-03    1.473562E+00    1.776476E+00    2.172645E+00    1.845491E+00    1.471401E+00
    5.955233E-03    1.489682E+00    1.794022E+00    2.193606E+00    1.860369E+00    1.485098E+00
    6.017532E-03    1.505976E+00    1.811756E+00    2.214914E+00    1.875158E+00    1.498940E+00
    6.080463E-03    1.522440E+00    1.829682E+00    2.236406E+00    1.890649E+00    1.512658E+00
    6.144035E-03    1.539069E+00    1.847806E+00    2.257960E+00    1.907184E+00    1.526340E+00
    6.208256E-03    1.555859E+00    1.866133E+00    2.279518E+00    1.924253E+00    1.540456E+00
    6.273133E-03    1.572806E+00    1.884666E+00    2.301088E+00    1.941355E+00    1.555244E+00
    6.338676E-03    1.589909E+00    1.903406E+00    2.322716E+00    1.958311E+00    1.569871E+00
    6.404892E-03    1.607167E+00    1.922356E+00    2.344454E+00    1.975079E+00    1.584384E+00
    6.471789E-03    1.624577E+00    1.941514E+00    2.366340E+00    1.991992E+00    1.599315E+00
    6.539377E-03    1.642142E+00    1.960880E+00    2.388396E+00    2.009507E+00    1.614779E+00
    6.607664E-03    1.659862E+00    1.980453E+00    2.410645E+00    2.027681E+00    1.630384E+00
    6.676658E-03    1.677740E+00    2.000230E+00    2.433140E+00    2.046449E+00    1.645701E+00
    6.746368E-03    1.695777E+00    2.020210E+00    2.455972E+00    2.065584E+00    1.661506E+00
    6.816803E-03    1.713977E+00    2.040390E+00    2.479264E+00    2.084440E+00    1.677799E+00
    6.887972E-03    1.732344E+00    2.060770E+00    2.503133E+00    2.102986E+00    1.694194E+00
    6.959883E-03    1.750884E+00    2.081349E+00    2.527646E+00    2.122013E+00    1.710423E+00
    7.032546E-03    1.769599E+00    2.102127E+00    2.552790E+00    2.141719E+00    1.727115E+00
    7.105969E-03    1.788497E+00    2.123108E+00    2.578478E+00    2.161909E+00    1.744310E+00
    7.180162E-03    1.807582E+00    2.144294E+00    2.604584E+00    2.182663E+00    1.761455E+00
    7.255134E-03    1.826859E+00    2.165693E+00    2.630990E+00    2.203498E+00    1.778589E+00
    7.330895E-03    1.846334E+00    2.187310E+00    2.657624E+00    2.223975E+00    1.796311E+00
    7.407453E-03    1.866011E+00    2.209157E+00    2.684457E+00    2.244649E+00    1.814318E+00
    7.484818E-03    1.885896E+00    2.231245E+00    2.711477E+00    2.265969E+00    1.832245E+00
    7.563000E-03    1.905991E+00    2.253585E+00    2.738660E+00    2.287923E+00    1.850398E+00
    7.642008E-03    1.926303E+00    2.276193E+00    2.765970E+00    2.310372E+00    1.869134E+00
    7.721852E-03    1.946832E+00    2.299084E+00    2.793385E+00    2.332822E+00    1.887907E+00
    7.802542E-03    1.967582E+00    2.322271E+00    2.820949E+00    2.355170E+00    1.906688E+00
    7.884088E-03    1.988555E+00    2.345771E+00    2.848783E+00    2.377718E+00    1.926001E+00
    7.966499E-03    2.009751E+00    2.369597E+00    2.877063E+00    2.400800E+00    1.945629E+00
    8.049786E-03    2.031172E+00    2.393763E+00    2.905946E+00    2.424704E+00    1.965114E+00
    8.133959E-03    2.052817E+00    2.418280E+00    2.935495E+00    2.448859E+00    1.985082E+00
    8.219028E-03    2.074688E+00    2.443158E+00    2.965661E+00    2.472899E+00    2.005426E+00
    8.305003E-03    2.096782E+00    2.468403E+00    2.996325E+00    2.497095E+00    2.025739E+00
    8.391895E-03    2.119099E+00    2.494020E+00    3.027374E+00    2.521563E+00    2.046346E+00
    8.479714E-03    2.141640E+00    2.520012E+00    3.058766E+00    2.546799E+00    2.067457E+00
    8.568471E-03    2.164403E+00    2.546379E+00    3.090482E+00    2.572590E+00    2.088548E+00
    8.658176E-03    2.187389E+00    2.573120E+00    3.122511E+00    2.598325E+00    2.109880E+00
    8.748841E-03    2.210598E+00    2.600230E+00    3.154783E+00    2.624128E+00    2.131738E+00
    8.840475E-03    2.234031E+00    2.627705E+00    3.187209E+00    2.650215E+00    2.153607E+00
    8.933091E-03    2.257692E+00    2.655540E+00    3.219758E+00    2.677012E+00    2.175739E+00
    9.026698E-03    2.281582E+00    2.683730E+00    3.252520E+00    2.704338E+00    2.198370E+00
    9.121308E-03    2.305706E+00    2.712269E+00    3.285673E+00    2.731777E+00    2.221003E+00
    9.216933E-03    2.330069E+00    2.741154E+00    3.319432E+00    2.759193E+00    2.243970E+00
    9.313583E-03    2.354677E+00    2.770380E+00    3.353843E+00    2.786998E+00    2.267360E+00
    9.411269E-03    2.379538E+00    2.799946E+00    3.388869E+00    2.815542E+00    2.290779E+00
    9.510005E-03    2.404659E+00    2.829849E+00    3.424411E+00    2.844463E+00    2.314634E+00
    9.609800E-03    2.430048E+00    2.860089E+00    3.460401E+00    2.873547E+00    2.338792E+00
    9.710666E-03    2.455716E+00    2.890664E+00    3.496810E+00    2.902618E+00    2.363025E+00
    9.812616E-03    2.481671E+00    2.921576E+00    3.533598E+00    2.932330E+00    2.387776E+00
    9.915661E-03    2.507922E+00    2.952821E+00    3.570663E+00    2.962643E+00    2.412691E+00
    1.001981E-02    2.534480E+00    2.984399E+00    3.607941E+00    2.993252E+00    2.437844E+00
    1.012508E-02    2.561352E+00    3.016307E+00    3.645415E+00    3.023894E+00    2.463470E+00
    1.023149E-02    2.588547E+00    3.048541E+00    3.683219E+00    3.054879E+00    2.489153E+00
    1.033903E-02    2.616071E+00    3.081096E+00    3.721524E+00    3.086557E+00    2.515291E+00
    1.044773E-02    2.643932E+00    3.113967E+00    3.760427E+00    3.118703E+00    2.541701E+00
    1.055760E-02    2.672133E+00    3.147148E+00    3.799935E+00    3.150870E+00    2.568316E+00
    1.066865E-02    2.700678E+00    3.180637E+00    3.840029E+00    3.183352E+00    2.595403E+00
    1.078089E-02    2.729570E+00    3.214429E+00    3.880694E+00    3.216421E+00    2.622596E+00
    1.089434E-02    2.758812E+00    3.248526E+00    3.921889E+00    3.250095E+00    2.650227E+00
    1.100900E-02    2.788403E+00    3.282931E+00    3.963489E+00    3.283808E+00    2.678156E+00
    1.112490E-02    2.818343E+00    3.317651E+00    4.005347E+00    3.317833E+00    2.706351E+00
    1.124204E-02    2.848633E+00    3.352698E+00    4.047424E+00    3.352450E+00    2.734946E+00
    1.136043E-02    2.879273E+00    3.388086E+00    4.089856E+00    3.387646E+00    2.763724E+00
    1.148010E-02    2.910261E+00    3.423835E+00    4.132788E+00    3.422934E+00    2.792990E+00
    1.160105E-02    2.941598E+00    3.459963E+00    4.176295E+00    3.458543E+00    2.822405E+00
    1.172329E-02    2.973284E+00    3.496491E+00    4.220388E+00    3.494839E+00    2.852306E+00
    1.184684E-02    3.005321E+00    3.533439E+00    4.265085E+00    3.531563E+00    2.882408E+00
    1.197171E-02    3.037710E+00    3.570823E+00    4.310446E+00    3.568461E+00    2.912941E+00
    1.209792E-02    3.070453E+00    3.608659E+00    4.356397E+00    3.605748E+00    2.943749E+00
    1.222548E-02    3.103552E+00    3.646955E+00    4.402753E+00    3.643772E+00    2.974921E+00
    1.235439E-02    3.137010E+00    3.685718E+00    4.449377E+00    3.682066E+00    3.006433E+00
    1.248468E-02    3.170829E+00    3.724949E+00    4.496327E+00    3.720587E+00    3.038272E+00
    1.261636E-02    3.205012E+00    3.764646E+00    4.543756E+00    3.759732E+00    3.070493E+00
    1.274944E-02    3.239559E+00    3.804807E+00    4.591768E+00    3.799431E+00    3.103026E+00
    1.288394E-02    3.274472E+00    3.845429E+00    4.640379E+00    3.839318E+00    3.135960E+00
    1.301986E-02    3.309750E+00    3.886509E+00    4.689649E+00    3.879659E+00    3.169202E+00
    1.315722E-02    3.345391E+00    3.928049E+00    4.739624E+00    3.920671E+00    3.202855E+00
    1.329603E-02    3.381395E+00    3.970051E+00    4.790192E+00    3.962006E+00    3.236819E+00
    1.343631E-02    3.417757E+00    4.012519E+00    4.841177E+00    4.003630E+00    3.271179E+00
    1.357807E-02    3.454476E+00    4.055459E+00    4.892523E+00    4.045941E+00    3.305898E+00
    1.372133E-02    3.491549E+00    4.098878E+00    4.944307E+00    4.088708E+00    3.340981E+00
    1.386609E-02    3.528975E+00    4.142776E+00    4.996606E+00    4.131701E+00    3.376468E+00
    1.401236E-02    3.566755E+00    4.187155E+00    5.049499E+00    4.175350E+00    3.412284E+00
    1.416017E-02    3.604890E+00    4.232009E+00    5.103108E+00    4.219534E+00    3.448553E+00
    1.430951E-02    3.643385E+00    4.277328E+00    5.157471E+00    4.263961E+00    3.485116E+00
    1.446042E-02    3.682245E+00    4.323100E+00    5.212460E+00    4.309002E+00    3.522162E+00
    1.461288E-02    3.721481E+00    4.369310E+00    5.267893E+00    4.354600E+00    3.559501E+00
    1.476693E-02    3.761101E+00    4.415946E+00    5.323782E+00    4.400482E+00    3.597308E+00
    1.492256E-02    3.801118E+00    4.463000E+00    5.380163E+00    4.446969E+00    3.635471E+00
    1.507980E-02    3.841543E+00    4.510470E+00    5.437053E+00    4.494009E+00    3.674049E+00
    1.523864E-02    3.882388E+00    4.558363E+00    5.494585E+00    4.541345E+00    3.713023E+00
    1.539911E-02    3.923664E+00    4.606692E+00    5.552921E+00    4.589343E+00    3.752353E+00
    1.556120E-02    3.965378E+00    4.655478E+00    5.611947E+00    4.637822E+00    3.792158E+00
    1.572493E-02    4.007538E+00    4.704744E+00    5.671600E+00    4.686642E+00    3.832322E+00
    1.589031E-02    4.050146E+00    4.754511E+00    5.731692E+00    4.736174E+00    3.872892E+00
    1.605735E-02    4.093204E+00    4.804801E+00    5.792289E+00    4.786107E+00    3.913919E+00
    1.622604E-02    4.136712E+00    4.855625E+00    5.853395E+00    4.836475E+00    3.955289E+00
    1.639641E-02    4.180666E+00    4.906991E+00    5.915154E+00    4.887524E+00    3.997130E+00
    1.656845E-02    4.225065E+00    4.958901E+00    5.977713E+00    4.938906E+00    4.039377E+00
    1.674217E-02    4.269907E+00    5.011352E+00    6.040990E+00    4.990887E+00    4.081978E+00
    1.691757E-02    4.315190E+00    5.064341E+00    6.104843E+00    5.043422E+00    4.125062E+00
    1.709466E-02    4.360914E+00    5.117866E+00    6.169233E+00    5.096318E+00    4.168550E+00
    1.727343E-02    4.407081E+00    5.171928E+00    6.234077E+00    5.149899E+00    4.212411E+00
    1.745389E-02    4.453693E+00    5.226529E+00    6.299482E+00    5.203848E+00    4.256739E+00
    1.763603E-02    4.500752E+00    5.281668E+00    6.365645E+00    5.258367E+00    4.301475E+00
    1.781986E-02    4.548259E+00    5.337345E+00    6.432547E+00    5.313451E+00    4.346591E+00
    1.800537E-02    4.596215E+00    5.393549E+00    6.500054E+00    5.368903E+00    4.392161E+00
    1.819255E-02    4.644615E+00    5.450267E+00    6.568216E+00    5.425032E+00    4.438138E+00
    1.838139E-02    4.693452E+00    5.507476E+00    6.636795E+00    5.481509E+00    4.484507E+00
    1.857189E-02    4.742715E+00    5.565155E+00    6.705860E+00    5.538590E+00    4.531269E+00
    1.876403E-02    4.792392E+00    5.623283E+00    6.775646E+00    5.596122E+00    4.578472E+00
    1.895780E-02    4.842468E+00    5.681845E+00    6.846148E+00    5.654120E+00    4.626071E+00
    1.915318E-02    4.892928E+00    5.740838E+00    6.917290E+00    5.712695E+00    4.674039E+00
    1.935014E-02    4.943761E+00    5.800265E+00    6.988979E+00    5.771620E+00    4.722402E+00
    1.954867E-02    4.994957E+00    5.860134E+00    7.061061E+00    5.831161E+00    4.771182E+00
    1.974874E-02    5.046508E+00    5.920454E+00    7.133645E+00    5.891025E+00    4.820332E+00
    1.995032E-02    5.098414E+00    5.981228E+00    7.206886E+00    5.951453E+00    4.869888E+00
    2.015337E-02    5.150673E+00    6.042456E+00    7.280781E+00    6.012247E+00    4.919693E+00
    2.035786E-02    5.203288E+00    6.104130E+00    7.355258E+00    6.073557E+00    4.969923E+00
    2.056374E-02    5.256256E+00    6.166239E+00    7.430102E+00    6.135211E+00    5.020505E+00
    2.077096E-02    5.309577E+00    6.228774E+00    7.505316E+00    6.197288E+00    5.071398E+00
    2.097948E-02    5.363241E+00    6.291728E+00    7.581020E+00    6.259820E+00    5.122618E+00
    2.118922E-02    5.417239E+00    6.355094E+00    7.657292E+00    6.322643E+00    5.174125E+00
    2.140014E-02    5.471552E+00    6.418862E+00    7.734113E+00    6.385839E+00    5.225942E+00
    2.161215E-02    5.526163E+00    6.483010E+00    7.811236E+00    6.449378E+00    5.278022E+00
    2.182517E-02    5.581049E+00    6.547501E+00    7.888573E+00    6.513213E+00    5.330346E+00
    2.203913E-02    5.636187E+00    6.612284E+00    7.966267E+00    6.577346E+00    5.382898E+00
    2.225392E-02    5.691556E+00    6.677299E+00    8.044342E+00    6.641685E+00    5.435661E+00
    2.246945E-02    5.747132E+00    6.742488E+00    8.122827E+00    6.706344E+00    5.488595E+00
    2.268559E-02    5.802888E+00    6.807804E+00    8.201455E+00    6.771061E+00    5.541694E+00
    2.290224E-02    5.858793E+00    6.873213E+00    8.280133E+00    6.836028E+00    5.594903E+00
    2.311925E-02    5.914811E+00    6.938689E+00    8.358904E+00    6.901025E+00    5.648212E+00
    2.333648E-02    5.970896E+00    7.004209E+00    8.437912E+00    6.966189E+00    5.701549E+00
    2.355377E-02    6.026997E+00    7.069743E+00    8.517025E+00    7.031278E+00    5.754939E+00
    2.377095E-02    6.083057E+00    7.135244E+00    8.596001E+00    7.096409E+00    5.808276E+00
    2.398785E-02    6.139016E+00    7.200656E+00    8.674662E+00    7.161382E+00    5.861552E+00
    2.420425E-02    6.194814E+00    7.265926E+00    8.753330E+00    7.226289E+00    5.914709E+00
    2.441995E-02    6.250393E+00    7.330985E+00    8.831803E+00    7.290922E+00    5.967686E+00
    2.463470E-02    6.305697E+00    7.395809E+00    8.909983E+00    7.355284E+00    6.020443E+00
    2.484827E-02    6.360671E+00    7.460321E+00    8.987603E+00    7.419338E+00    6.072901E+00
    2.506037E-02    6.415255E+00    7.524452E+00    9.064584E+00    7.482867E+00    6.124995E+00
    2.527072E-02    6.469383E+00    7.588104E+00    9.141075E+00    7.545973E+00    6.176644E+00
    2.547901E-02    6.522980E+00    7.651151E+00    9.216902E+00    7.608391E+00    6.227826E+00
    2.568489E-02    6.575961E+00    7.713453E+00    9.291766E+00    7.670100E+00    6.279672E+00
    2.588802E-02    6.628231E+00    7.774873E+00    9.365494E+00    7.731028E+00    6.328295E+00
    2.608799E-02    6.679692E+00    7.835284E+00    9.438173E+00    7.790932E+00    6.377415E+00
    2.628440E-02    6.730241E+00    7.894568E+00    9.509672E+00    7.849846E+00    6.425657E+00
    2.647680E-02    6.779775E+00    7.952607E+00    9.579680E+00    7.907536E+00    6.472921E+00
    2.666472E-02    6.828184E+00    8.009271E+00    9.647873E+00    7.963838E+00    6.519090E+00
    2.684764E-02    6.875350E+00    8.064414E+00    9.714361E+00    8.018720E+00    6.564024E+00
    2.702504E-02    6.921139E+00    8.117887E+00    9.778948E+00    8.071899E+00    6.607616E+00
    2.719634E-02    6.965394E+00    8.169536E+00    9.841294E+00    8.123257E+00    6.649704E+00
    2.736091E-02    7.007938E+00    8.219203E+00    9.901021E+00    8.172622E+00    6.690139E+00
    2.751811E-02    7.048580E+00    8.266718E+00    9.958159E+00    8.219721E+00    6.728977E+00
    2.766726E-02    7.087115E+00    8.311864E+00    1.001250E+01    8.264203E+00    6.765407E+00
    2.780761E-02    7.123340E+00    8.354397E+00    1.006357E+01    8.306578E+00    6.799898E+00
    2.793838E-02    7.157054E+00    8.394044E+00    1.011105E+01    8.345742E+00    6.832045E+00
    2.805877E-02    7.188058E+00    8.430529E+00    1.015484E+01    8.381879E+00    6.861669E+00
    2.816790E-02    7.216149E+00    8.463585E+00    1.019468E+01    8.414656E+00    6.888546E+00
    2.826487E-02    7.241108E+00    8.492936E+00    1.022993E+01    8.443758E+00    6.912338E+00
    2.834871E-02    7.262700E+00    8.518258E+00    1.026038E+01    8.468887E+00    6.933031E+00
    2.841842E-02    7.280664E+00    8.539329E+00    1.028584E+01    8.489804E+00    6.950123E+00
    2.847295E-02    7.294725E+00    8.555740E+00    1.030582E+01    8.506277E+00    6.963579E+00
    2.851120E-02    7.304602E+00    8.567220E+00    1.031969E+01    8.517753E+00    6.973021E+00
    2.853201E-02    7.309936E+00    8.573479E+00    1.032731E+01    8.524004E+00    6.978195E+00
    2.853420E-02    7.310647E+00    8.574219E+00    1.032833E+01    8.524738E+00    6.978793E+00
    2.851654E-02    7.306225E+00    8.569078E+00    1.032202E+01    8.519526E+00    6.974542E+00
    2.847773E-02    7.296424E+00    8.557612E+00    1.030791E+01    8.507915E+00    6.965095E+00
    2.841647E-02    7.280901E+00    8.539424E+00    1.028586E+01    8.489625E+00    6.950129E+00
    2.833141E-02    7.259284E+00    8.513995E+00    1.025516E+01    8.464225E+00    6.929340E+00
    2.822115E-02    7.231189E+00    8.480928E+00    1.021511E+01    8.431282E+00    6.902379E+00
    2.808429E-02    7.196222E+00    8.439811E+00    1.016554E+01    8.390329E+00    6.868873E+00
    2.791939E-02    7.153999E+00    8.390208E+00    1.010593E+01    8.340977E+00    6.828499E+00
    2.772502E-02    7.104143E+00    8.331665E+00    1.003543E+01    8.283001E+00    6.780918E+00
    2.749971E-02    7.046287E+00    8.263727E+00    9.953668E+00    8.215428E+00    6.725723E+00
    2.724203E-02    6.980069E+00    8.186010E+00    9.860367E+00    8.138329E+00    6.662601E+00
    2.695052E-02    6.905142E+00    8.098153E+00    9.754678E+00    8.051063E+00    6.591201E+00
    2.662379E-02    6.821159E+00    7.999802E+00    9.636079E+00    7.953325E+00    6.511129E+00
    2.626045E-02    6.727787E+00    7.890547E+00    9.504385E+00    7.844486E+00    6.422108E+00
    2.585916E-02    6.624716E+00    7.769931E+00    9.358962E+00    7.724423E+00    6.323782E+00
    2.541866E-02    6.511634E+00    7.637497E+00    9.199042E+00    7.592568E+00    6.215824E+00
    2.493775E-02    6.388239E+00    7.492830E+00    9.024659E+00    7.448587E+00    6.097980E+00
    2.441532E-02    6.254230E+00    7.335556E+00    8.835304E+00    7.292176E+00    5.969927E+00
    2.385037E-02    6.109319E+00    7.165396E+00    8.630242E+00    7.123035E+00    5.831473E+00
    2.324200E-02    5.953248E+00    6.982051E+00    8.409547E+00    6.940757E+00    5.682384E+00
    2.258947E-02    5.785808E+00    6.785355E+00    8.173010E+00    6.745626E+00    5.522434E+00
    2.189219E-02    5.606850E+00    6.575193E+00    7.919981E+00    6.536870E+00    5.351537E+00
    2.114971E-02    5.416266E+00    6.351499E+00    7.650558E+00    6.314575E+00    5.169557E+00
    2.036179E-02    5.213999E+00    6.114228E+00    7.364964E+00    6.078755E+00    4.976417E+00
    1.952838E-02    4.999870E+00    5.863335E+00    7.062539E+00    5.829170E+00    4.772176E+00
    1.864962E-02    4.774262E+00    5.598881E+00    6.743628E+00    5.566123E+00    4.556761E+00
    1.772588E-02    4.536843E+00    5.320974E+00    6.408753E+00    5.289607E+00    4.330362E+00
    1.675776E-02    4.287905E+00    5.029739E+00    6.057532E+00    4.999759E+00    4.093062E+00
    1.574609E-02    4.027724E+00    4.725282E+00    5.690329E+00    4.696856E+00    3.845086E+00
    1.469194E-02    3.756708E+00    4.407752E+00    5.308155E+00    4.381241E+00    3.586729E+00
    1.359662E-02    3.475335E+00    4.077503E+00    4.910882E+00    4.053362E+00    3.318227E+00
    1.246170E-02    3.184117E+00    3.735152E+00    4.498848E+00    3.713681E+00    3.040067E+00
    1.128897E-02    2.883542E+00    3.381522E+00    4.073682E+00    3.362604E+00    2.752623E+00
    1.008045E-02    2.574052E+00    3.017518E+00    3.635364E+00    3.000752E+00    2.456381E+00
    8.838414E-03    2.256078E+00    2.643834E+00    3.184493E+00    2.628869E+00    2.151987E+00
    7.565318E-03    1.930049E+00    2.261037E+00    2.722796E+00    2.247794E+00    1.839925E+00
    6.263837E-03    1.596468E+00    1.869676E+00    2.251057E+00    1.858273E+00    1.520896E+00
    4.936824E-03    1.255947E+00    1.470516E+00    1.769197E+00    1.461055E+00    1.195716E+00
    3.587295E-03    9.092155E-01    1.064561E+00    1.279510E+00    1.056995E+00    8.649113E-01
    2.218414E-03    5.571205E-01    6.530230E-01    7.836801E-01    6.470843E-01    5.293917E-01
    8.334620E-04    2.005584E-01    2.371296E-01    2.808104E-01    2.326292E-01    1.900141E-01
   -5.641819E-04   -1.596080E-01   -1.820018E-01   -2.266889E-01   -1.855395E-01   -1.525909E-01
   -1.971067E-03   -5.227728E-01   -6.033383E-01   -7.363571E-01   -6.067226E-01   -4.974412E-01
   -3.383701E-03   -8.893406E-01   -1.025501E+00   -1.248327E+00   -1.029837E+00   -8.435568E-01
   -4.798581E-03   -1.264339E+00   -1.444996E+00   -1.763676E+00   -1.453245E+00   -1.190295E+00
   -6.212319E-03   -1.681191E+00   -1.846698E+00   -2.275668E+00   -1.875853E+00   -1.536915E+00
   -7.622645E-03   -2.432381E+00   -2.121319E+00   -2.784567E+00   -2.297318E+00   -1.882216E+00
   -9.047614E-03   -8.082964E+00   -7.478133E-01   -3.298876E+00   -2.717683E+00   -2.225204E+00
   -1.154742E-02   -2.232944E+02    6.516228E+01   -3.830658E+00   -3.132521E+00   -2.565454E+00
   -6.729493E-01   -1.190812E+05    3.469122E+04   -7.305114E+00   -3.528474E+00   -2.905982E+00
