   -1.842068E+01
   -1.830933E+01
   -1.819798E+01
   -1.808664E+01
   -1.797529E+01
   -1.786394E+01
   -1.775259E+01
   -1.764124E+01
   -1.752989E+01
   -1.741855E+01
   -1.730720E+01
   -1.719585E+01
   -1.708450E+01
   -1.697315E+01
   -1.686180E+01
   -1.675046E+01
   -1.663911E+01
   -1.652776E+01
   -1.641641E+01
   -1.630506E+01
   -1.619371E+01
   -1.608237E+01
   -1.597102E+01
   -1.585967E+01
   -1.574832E+01
   -1.563697E+01
   -1.552562E+01
   -1.541428E+01
   -1.530293E+01
   -1.519158E+01
   -1.508023E+01
   -1.496888E+01
   -1.485753E+01
   -1.474619E+01
   -1.463484E+01
   -1.452349E+01
   -1.441214E+01
   -1.430079E+01
   -1.418944E+01
   -1.407809E+01
   -1.396675E+01
   -1.385540E+01
   -1.374405E+01
   -1.363270E+01
   -1.352135E+01
   -1.341000E+01
   -1.329866E+01
   -1.318731E+01
   -1.307596E+01
   -1.296461E+01
   -1.285326E+01
   -1.274191E+01
   -1.263057E+01
   -1.251922E+01
   -1.240787E+01
   -1.229652E+01
   -1.218517E+01
   -1.207382E+01
   -1.196248E+01
   -1.185113E+01
   -1.173978E+01
   -1.162843E+01
   -1.151708E+01
   -1.140573E+01
   -1.129439E+01
   -1.118304E+01
   -1.107169E+01
   -1.096034E+01
   -1.084899E+01
   -1.073764E+01
   -1.062630E+01
   -1.051495E+01
   -1.040360E+01
   -1.029225E+01
   -1.018090E+01
   -1.006955E+01
   -9.958206E+00
   -9.846858E+00
   -9.735509E+00
   -9.624161E+00
   -9.512813E+00
   -9.401464E+00
   -9.290116E+00
   -9.178767E+00
   -9.067419E+00
   -8.956071E+00
   -8.844722E+00
   -8.733374E+00
   -8.622026E+00
   -8.510677E+00
   -8.399329E+00
   -8.287981E+00
   -8.176632E+00
   -8.065284E+00
   -7.953936E+00
   -7.842587E+00
   -7.731239E+00
   -7.619891E+00
   -7.508542E+00
   -7.397194E+00
   -7.397194E+00
   -7.392293E+00
   -7.387392E+00
   -7.382492E+00
   -7.377591E+00
   -7.372690E+00
   -7.367789E+00
   -7.362889E+00
   -7.357988E+00
   -7.353087E+00
   -7.348186E+00
   -7.343286E+00
   -7.338385E+00
   -7.333484E+00
   -7.328584E+00
   -7.323683E+00
   -7.318782E+00
   -7.313881E+00
   -7.308981E+00
   -7.304080E+00
   -7.299179E+00
   -7.294278E+00
   -7.289378E+00
   -7.284477E+00
   -7.279576E+00
   -7.274675E+00
   -7.269775E+00
   -7.264874E+00
   -7.259973E+00
   -7.255072E+00
   -7.250172E+00
   -7.245271E+00
   -7.240370E+00
   -7.235470E+00
   -7.230569E+00
   -7.225668E+00
   -7.220767E+00
   -7.215867E+00
   -7.210966E+00
   -7.206065E+00
   -7.201164E+00
   -7.196264E+00
   -7.191363E+00
   -7.186462E+00
   -7.181561E+00
   -7.176661E+00
   -7.171760E+00
   -7.166859E+00
   -7.161959E+00
   -7.157058E+00
   -7.152157E+00
   -7.147256E+00
   -7.142356E+00
   -7.137455E+00
   -7.132554E+00
   -7.127653E+00
   -7.122753E+00
   -7.117852E+00
   -7.112951E+00
   -7.108050E+00
   -7.103150E+00
   -7.098249E+00
   -7.093348E+00
   -7.088447E+00
   -7.083547E+00
   -7.078646E+00
   -7.073745E+00
   -7.068845E+00
   -7.063944E+00
   -7.059043E+00
   -7.054142E+00
   -7.049242E+00
   -7.044341E+00
   -7.039440E+00
   -7.034539E+00
   -7.029639E+00
   -7.024738E+00
   -7.019837E+00
   -7.014936E+00
   -7.010036E+00
   -7.005135E+00
   -7.000234E+00
   -6.995333E+00
   -6.990433E+00
   -6.985532E+00
   -6.980631E+00
   -6.975731E+00
   -6.970830E+00
   -6.965929E+00
   -6.961028E+00
   -6.956128E+00
   -6.951227E+00
   -6.946326E+00
   -6.941425E+00
   -6.936525E+00
   -6.931624E+00
   -6.926723E+00
   -6.921822E+00
   -6.916922E+00
   -6.912021E+00
   -6.907120E+00
   -6.902220E+00
   -6.897319E+00
   -6.892418E+00
   -6.887517E+00
   -6.882617E+00
   -6.877716E+00
   -6.872815E+00
   -6.867914E+00
   -6.863014E+00
   -6.858113E+00
   -6.853212E+00
   -6.848311E+00
   -6.843411E+00
   -6.838510E+00
   -6.833609E+00
   -6.828708E+00
   -6.823808E+00
   -6.818907E+00
   -6.814006E+00
   -6.809106E+00
   -6.804205E+00
   -6.799304E+00
   -6.794403E+00
   -6.789503E+00
   -6.784602E+00
   -6.779701E+00
   -6.774800E+00
   -6.769900E+00
   -6.764999E+00
   -6.760098E+00
   -6.755197E+00
   -6.750297E+00
   -6.745396E+00
   -6.740495E+00
   -6.735595E+00
   -6.730694E+00
   -6.725793E+00
   -6.720892E+00
   -6.715992E+00
   -6.711091E+00
   -6.706190E+00
   -6.701289E+00
   -6.696389E+00
   -6.691488E+00
   -6.686587E+00
   -6.681686E+00
   -6.676786E+00
   -6.671885E+00
   -6.666984E+00
   -6.662083E+00
   -6.657183E+00
   -6.652282E+00
   -6.647381E+00
   -6.642481E+00
   -6.637580E+00
   -6.632679E+00
   -6.627778E+00
   -6.622878E+00
   -6.617977E+00
   -6.613076E+00
   -6.608175E+00
   -6.603275E+00
   -6.598374E+00
   -6.593473E+00
   -6.588572E+00
   -6.583672E+00
   -6.578771E+00
   -6.573870E+00
   -6.568969E+00
   -6.564069E+00
   -6.559168E+00
   -6.554267E+00
   -6.549367E+00
   -6.544466E+00
   -6.539565E+00
   -6.534664E+00
   -6.529764E+00
   -6.524863E+00
   -6.519962E+00
   -6.515061E+00
   -6.510161E+00
   -6.505260E+00
   -6.500359E+00
   -6.495458E+00
   -6.490558E+00
   -6.485657E+00
   -6.480756E+00
   -6.475856E+00
   -6.470955E+00
   -6.466054E+00
   -6.461153E+00
   -6.456253E+00
   -6.451352E+00
   -6.446451E+00
   -6.441550E+00
   -6.436650E+00
   -6.431749E+00
   -6.426848E+00
   -6.421947E+00
   -6.400541E+00
   -6.379134E+00
   -6.357728E+00
   -6.336321E+00
   -6.314915E+00
   -6.293508E+00
   -6.272102E+00
   -6.250695E+00
   -6.229289E+00
   -6.207883E+00
   -6.186476E+00
   -6.165070E+00
   -6.143663E+00
   -6.122257E+00
   -6.100850E+00
   -6.079444E+00
   -6.058037E+00
   -6.036631E+00
   -6.015224E+00
   -5.993818E+00
   -5.972411E+00
   -5.951005E+00
   -5.929598E+00
   -5.908192E+00
   -5.886785E+00
   -5.865379E+00
   -5.843972E+00
   -5.822566E+00
   -5.801159E+00
   -5.779753E+00
   -5.758346E+00
   -5.736940E+00
   -5.715533E+00
   -5.694127E+00
   -5.672720E+00
   -5.651314E+00
   -5.629907E+00
   -5.608501E+00
   -5.587094E+00
   -5.565688E+00
   -5.544281E+00
   -5.522875E+00
   -5.501468E+00
   -5.480062E+00
   -5.458655E+00
   -5.437249E+00
   -5.415842E+00
   -5.394436E+00
   -5.373029E+00
   -5.351623E+00
   -5.330216E+00
   -5.308810E+00
   -5.287403E+00
   -5.265997E+00
   -5.244590E+00
   -5.223184E+00
   -5.201777E+00
   -5.180371E+00
   -5.158964E+00
   -5.137558E+00
   -5.116151E+00
   -5.094745E+00
   -5.073338E+00
   -5.051932E+00
   -5.030525E+00
   -5.009119E+00
   -4.987712E+00
   -4.966306E+00
   -4.944900E+00
   -4.923493E+00
   -4.902087E+00
   -4.880680E+00
   -4.859274E+00
   -4.837867E+00
   -4.816461E+00
   -4.795054E+00
   -4.773648E+00
   -4.752241E+00
   -4.730835E+00
   -4.709428E+00
   -4.688022E+00
   -4.666615E+00
   -4.645209E+00
   -4.623802E+00
   -4.602396E+00
   -4.580989E+00
   -4.559583E+00
   -4.538176E+00
   -4.516770E+00
   -4.495363E+00
   -4.473957E+00
   -4.452550E+00
   -4.431144E+00
   -4.409737E+00
   -4.388331E+00
   -4.366924E+00
   -4.345518E+00
   -4.324111E+00
   -4.302705E+00
   -4.281298E+00
   -4.259892E+00
   -4.238485E+00
   -4.217079E+00
   -4.195672E+00
   -4.174266E+00
   -4.152859E+00
   -4.131453E+00
   -4.110046E+00
   -4.088640E+00
   -4.067233E+00
   -4.045827E+00
   -4.024420E+00
   -4.003014E+00
   -3.981607E+00
   -3.960201E+00
   -3.938794E+00
   -3.917388E+00
   -3.895981E+00
   -3.874575E+00
   -3.853168E+00
   -3.831762E+00
   -3.810355E+00
   -3.788949E+00
   -3.767542E+00
   -3.746136E+00
   -3.724730E+00
   -3.703323E+00
   -3.681917E+00
   -3.660510E+00
   -3.639104E+00
   -3.617697E+00
   -3.596291E+00
   -3.574884E+00
   -3.553478E+00
   -3.532071E+00
   -3.510665E+00
   -3.489258E+00
   -3.467852E+00
   -3.446445E+00
   -3.425039E+00
   -3.403632E+00
   -3.382226E+00
   -3.360819E+00
   -3.339413E+00
   -3.318006E+00
   -3.296600E+00
   -3.275193E+00
   -3.253787E+00
   -3.232380E+00
   -3.210974E+00
   -3.189567E+00
   -3.168161E+00
   -3.146754E+00
   -3.125348E+00
   -3.103941E+00
   -3.082535E+00
   -3.061128E+00
   -3.039722E+00
   -3.018315E+00
   -2.996909E+00
   -2.975502E+00
   -2.954096E+00
   -2.932689E+00
   -2.911283E+00
   -2.889876E+00
   -2.868470E+00
   -2.847063E+00
   -2.825657E+00
   -2.804250E+00
   -2.782844E+00
   -2.761437E+00
   -2.740031E+00
   -2.718624E+00
   -2.697218E+00
   -2.675811E+00
   -2.654405E+00
   -2.632998E+00
   -2.611592E+00
   -2.590185E+00
   -2.568779E+00
   -2.547372E+00
   -2.525966E+00
   -2.504559E+00
   -2.483153E+00
   -2.461747E+00
   -2.440340E+00
   -2.418934E+00
   -2.397527E+00
   -2.376121E+00
   -2.354714E+00
   -2.333308E+00
   -2.311901E+00
   -2.290495E+00
   -2.269088E+00
   -2.247682E+00
   -2.226275E+00
   -2.204869E+00
   -2.183462E+00
   -2.162056E+00
   -2.140649E+00
   -2.119243E+00
   -2.097836E+00
   -2.076430E+00
   -2.055023E+00
   -2.033617E+00
   -2.012210E+00
   -1.990804E+00
   -1.969397E+00
   -1.947991E+00
   -1.926584E+00
   -1.905178E+00
   -1.883771E+00
   -1.862365E+00
   -1.840958E+00
   -1.819552E+00
   -1.798145E+00
   -1.776739E+00
   -1.755332E+00
   -1.733926E+00
   -1.712519E+00
   -1.691113E+00
   -1.669706E+00
   -1.648300E+00
   -1.626893E+00
   -1.605487E+00
   -1.584080E+00
   -1.562674E+00
   -1.541267E+00
   -1.519861E+00
   -1.498454E+00
   -1.477048E+00
   -1.455641E+00
   -1.434235E+00
   -1.412828E+00
   -1.391422E+00
   -1.370015E+00
   -1.348609E+00
   -1.327202E+00
   -1.305796E+00
   -1.284389E+00
   -1.262983E+00
   -1.241577E+00
   -1.220170E+00
   -1.198764E+00
   -1.177357E+00
   -1.155951E+00
   -1.134544E+00
   -1.113138E+00
   -1.091731E+00
   -1.070325E+00
   -1.048918E+00
   -1.027512E+00
   -1.006105E+00
   -9.846986E-01
   -9.632921E-01
   -9.418856E-01
   -9.204791E-01
   -8.990726E-01
   -8.776661E-01
   -8.562597E-01
   -8.348532E-01
   -8.134467E-01
   -7.920402E-01
   -7.706337E-01
   -7.492272E-01
   -7.278207E-01
   -7.064142E-01
   -6.850077E-01
   -6.636012E-01
   -6.421947E-01
   -6.207883E-01
   -5.993818E-01
   -5.779753E-01
   -5.565688E-01
   -5.351623E-01
   -5.137558E-01
   -4.923493E-01
   -4.709428E-01
   -4.495363E-01
   -4.281298E-01
   -4.067233E-01
   -3.853168E-01
   -3.639104E-01
   -3.425039E-01
   -3.210974E-01
   -2.996909E-01
   -2.782844E-01
   -2.568779E-01
   -2.354714E-01
   -2.140649E-01
   -1.926584E-01
   -1.712519E-01
   -1.498454E-01
   -1.284389E-01
   -1.070325E-01
   -8.562597E-02
   -6.421947E-02
   -4.281298E-02
   -2.140649E-02
    0.000000E+00
