    0.000000E+00    0.000000E+00    0.000000E+00    0.000000E+00    0.000000E+00    0.000000E+00
    0.000000E+00    0.000000E+00    0.000000E+00    0.000000E+00    0.000000E+00    0.000000E+00
    0.000000E+00    0.000000E+00    0.000000E+00    0.000000E+00    0.000000E+00    0.000000E+00
    0.000000E+00    0.000000E+00    0.000000E+00    0.000000E+00    0.000000E+00    0.000000E+00
    0.000000E+00    0.000000E+00    0.000000E+00    0.000000E+00    0.000000E+00    0.000000E+00
    0.000000E+00    0.000000E+00    0.000000E+00    0.000000E+00    0.000000E+00    0.000000E+00
    0.000000E+00    0.000000E+00    0.000000E+00    0.000000E+00    0.000000E+00    0.000000E+00
    0.000000E+00    0.000000E+00    0.000000E+00    0.000000E+00    0.000000E+00    0.000000E+00
    0.000000E+00    0.000000E+00    0.000000E+00    0.000000E+00    0.000000E+00    0.000000E+00
    0.000000E+00    0.000000E+00    0.000000E+00    0.000000E+00    0.000000E+00    0.000000E+00
    0.000000E+00    0.000000E+00    0.000000E+00    0.000000E+00    0.000000E+00    0.000000E+00
    0.000000E+00    0.000000E+00    0.000000E+00    0.000000E+00    0.000000E+00    0.000000E+00
    0.000000E+00    0.000000E+00    0.000000E+00    0.000000E+00    0.000000E+00    0.000000E+00
    0.000000E+00    0.000000E+00    0.000000E+00    0.000000E+00    0.000000E+00    0.000000E+00
    0.000000E+00    0.000000E+00    0.000000E+00    0.000000E+00    0.000000E+00    0.000000E+00
    0.000000E+00    0.000000E+00    0.000000E+00    0.000000E+00    0.000000E+00    0.000000E+00
    0.000000E+00    0.000000E+00    0.000000E+00    0.000000E+00    0.000000E+00    0.000000E+00
    0.000000E+00    0.000000E+00    0.000000E+00    0.000000E+00    0.000000E+00    0.000000E+00
    0.000000E+00    0.000000E+00    0.000000E+00    0.000000E+00    0.000000E+00    0.000000E+00
    0.000000E+00    0.000000E+00    0.000000E+00    0.000000E+00    0.000000E+00    0.000000E+00
    0.000000E+00    0.000000E+00    0.000000E+00    0.000000E+00    0.000000E+00    0.000000E+00
    0.000000E+00    0.000000E+00    0.000000E+00    0.000000E+00    0.000000E+00    0.000000E+00
    0.000000E+00    0.000000E+00    0.000000E+00    0.000000E+00    0.000000E+00    0.000000E+00
    0.000000E+00    0.000000E+00    0.000000E+00    0.000000E+00    0.000000E+00    0.000000E+00
    0.000000E+00    0.000000E+00    0.000000E+00    0.000000E+00    0.000000E+00    0.000000E+00
    0.000000E+00    0.000000E+00    0.000000E+00    0.000000E+00    0.000000E+00    0.000000E+00
    0.000000E+00    0.000000E+00    0.000000E+00    0.000000E+00    0.000000E+00    0.000000E+00
    0.000000E+00    0.000000E+00    0.000000E+00    0.000000E+00    0.000000E+00    0.000000E+00
    0.000000E+00    0.000000E+00    0.000000E+00    0.000000E+00    0.000000E+00    0.000000E+00
    0.000000E+00    0.000000E+00    0.000000E+00    0.000000E+00    0.000000E+00    0.000000E+00
    0.000000E+00    0.000000E+00    0.000000E+00    0.000000E+00    0.000000E+00    0.000000E+00
    0.000000E+00    0.000000E+00    0.000000E+00    0.000000E+00    0.000000E+00    0.000000E+00
    0.000000E+00    0.000000E+00    0.000000E+00    0.000000E+00    0.000000E+00    0.000000E+00
    0.000000E+00    0.000000E+00    0.000000E+00    0.000000E+00    0.000000E+00    0.000000E+00
    0.000000E+00    0.000000E+00    0.000000E+00    0.000000E+00    0.000000E+00    0.000000E+00
    0.000000E+00    0.000000E+00    0.000000E+00    0.000000E+00    0.000000E+00    0.000000E+00
    0.000000E+00    0.000000E+00    0.000000E+00    0.000000E+00    0.000000E+00    0.000000E+00
    0.000000E+00    0.000000E+00    0.000000E+00    0.000000E+00    0.000000E+00    0.000000E+00
    0.000000E+00    0.000000E+00    0.000000E+00    0.000000E+00    0.000000E+00    0.000000E+00
    0.000000E+00    0.000000E+00    0.000000E+00    0.000000E+00    0.000000E+00    0.000000E+00
    0.000000E+00    0.000000E+00    0.000000E+00    0.000000E+00    0.000000E+00    0.000000E+00
    0.000000E+00    0.000000E+00    0.000000E+00    0.000000E+00    0.000000E+00    0.000000E+00
    0.000000E+00    0.000000E+00    0.000000E+00    0.000000E+00    0.000000E+00    0.000000E+00
    0.000000E+00    0.000000E+00    0.000000E+00    0.000000E+00    0.000000E+00    0.000000E+00
    0.000000E+00    0.000000E+00    0.000000E+00    0.000000E+00    0.000000E+00    0.000000E+00
    0.000000E+00    0.000000E+00    0.000000E+00    0.000000E+00    0.000000E+00    0.000000E+00
    0.000000E+00    0.000000E+00    0.000000E+00    0.000000E+00    0.000000E+00    0.000000E+00
    0.000000E+00    0.000000E+00    0.000000E+00    0.000000E+00    0.000000E+00    0.000000E+00
    0.000000E+00    0.000000E+00    0.000000E+00    0.000000E+00    0.000000E+00    0.000000E+00
    0.000000E+00    0.000000E+00    0.000000E+00    0.000000E+00    0.000000E+00    0.000000E+00
    0.000000E+00    0.000000E+00    0.000000E+00    0.000000E+00    0.000000E+00    0.000000E+00
    0.000000E+00    0.000000E+00    0.000000E+00    0.000000E+00    0.000000E+00    0.000000E+00
    0.000000E+00    0.000000E+00    0.000000E+00    0.000000E+00    0.000000E+00    0.000000E+00
    0.000000E+00    0.000000E+00    0.000000E+00    0.000000E+00    0.000000E+00    0.000000E+00
    0.000000E+00    0.000000E+00    0.000000E+00    0.000000E+00    0.000000E+00    0.000000E+00
    0.000000E+00    0.000000E+00    0.000000E+00    0.000000E+00    0.000000E+00    0.000000E+00
    0.000000E+00    0.000000E+00    0.000000E+00    0.000000E+00    0.000000E+00    0.000000E+00
    0.000000E+00    0.000000E+00    0.000000E+00    0.000000E+00    0.000000E+00    0.000000E+00
    0.000000E+00    0.000000E+00    0.000000E+00    0.000000E+00    0.000000E+00    0.000000E+00
    0.000000E+00    0.000000E+00    0.000000E+00    0.000000E+00    0.000000E+00    0.000000E+00
    0.000000E+00    0.000000E+00    0.000000E+00    0.000000E+00    0.000000E+00    0.000000E+00
    0.000000E+00    0.000000E+00    0.000000E+00    0.000000E+00    0.000000E+00    0.000000E+00
    0.000000E+00    0.000000E+00    0.000000E+00    0.000000E+00    0.000000E+00    0.000000E+00
    0.000000E+00    0.000000E+00    0.000000E+00    0.000000E+00    0.000000E+00    0.000000E+00
    0.000000E+00    0.000000E+00    0.000000E+00    0.000000E+00    0.000000E+00    0.000000E+00
    0.000000E+00    0.000000E+00    0.000000E+00    0.000000E+00    0.000000E+00    0.000000E+00
    0.000000E+00    0.000000E+00    0.000000E+00    0.000000E+00    0.000000E+00    0.000000E+00
    0.000000E+00    0.000000E+00    0.000000E+00    0.000000E+00    0.000000E+00    0.000000E+00
    0.000000E+00    0.000000E+00    0.000000E+00    0.000000E+00    0.000000E+00    0.000000E+00
    0.000000E+00    0.000000E+00    0.000000E+00    0.000000E+00    0.000000E+00    0.000000E+00
    0.000000E+00    0.000000E+00    0.000000E+00    0.000000E+00    0.000000E+00    0.000000E+00
    0.000000E+00    0.000000E+00    0.000000E+00    0.000000E+00    0.000000E+00    0.000000E+00
    0.000000E+00    0.000000E+00    0.000000E+00    0.000000E+00    0.000000E+00    0.000000E+00
    0.000000E+00    0.000000E+00    0.000000E+00    0.000000E+00    0.000000E+00    0.000000E+00
    0.000000E+00    0.000000E+00    0.000000E+00    0.000000E+00    0.000000E+00    0.000000E+00
    0.000000E+00    0.000000E+00    0.000000E+00    0.000000E+00    0.000000E+00    0.000000E+00
    0.000000E+00    0.000000E+00    0.000000E+00    0.000000E+00    0.000000E+00    0.000000E+00
    0.000000E+00    0.000000E+00    0.000000E+00    0.000000E+00    0.000000E+00    0.000000E+00
    0.000000E+00    0.000000E+00    0.000000E+00    0.000000E+00    0.000000E+00    0.000000E+00
    0.000000E+00    0.000000E+00    0.000000E+00    0.000000E+00    0.000000E+00    0.000000E+00
    0.000000E+00    0.000000E+00    0.000000E+00    0.000000E+00    0.000000E+00    0.000000E+00
    0.000000E+00    0.000000E+00    0.000000E+00    0.000000E+00    0.000000E+00    0.000000E+00
    0.000000E+00    0.000000E+00    0.000000E+00    0.000000E+00    0.000000E+00    0.000000E+00
    0.000000E+00    0.000000E+00    0.000000E+00    0.000000E+00    0.000000E+00    0.000000E+00
    0.000000E+00    0.000000E+00    0.000000E+00    0.000000E+00    0.000000E+00    0.000000E+00
    0.000000E+00    0.000000E+00    0.000000E+00    0.000000E+00    0.000000E+00    0.000000E+00
    0.000000E+00    0.000000E+00    0.000000E+00    0.000000E+00    0.000000E+00    0.000000E+00
    0.000000E+00    0.000000E+00    0.000000E+00    0.000000E+00    0.000000E+00    0.000000E+00
    0.000000E+00    0.000000E+00    0.000000E+00    0.000000E+00    0.000000E+00    0.000000E+00
    0.000000E+00    0.000000E+00    0.000000E+00    0.000000E+00    0.000000E+00    0.000000E+00
    0.000000E+00    0.000000E+00    0.000000E+00    0.000000E+00    0.000000E+00    0.000000E+00
    0.000000E+00    0.000000E+00    0.000000E+00    0.000000E+00    0.000000E+00    0.000000E+00
    0.000000E+00    0.000000E+00    0.000000E+00    0.000000E+00    0.000000E+00    0.000000E+00
    0.000000E+00    0.000000E+00    0.000000E+00    0.000000E+00    0.000000E+00    0.000000E+00
    0.000000E+00    0.000000E+00    0.000000E+00    0.000000E+00    0.000000E+00    0.000000E+00
    0.000000E+00    0.000000E+00    0.000000E+00    0.000000E+00    0.000000E+00    0.000000E+00
    0.000000E+00    0.000000E+00    0.000000E+00    0.000000E+00    0.000000E+00    0.000000E+00
    0.000000E+00    0.000000E+00    0.000000E+00    0.000000E+00    0.000000E+00    0.000000E+00
    0.000000E+00    0.000000E+00    0.000000E+00    0.000000E+00    0.000000E+00    0.000000E+00
    0.000000E+00    0.000000E+00    0.000000E+00    0.000000E+00    0.000000E+00    0.000000E+00
    0.000000E+00    0.000000E+00    0.000000E+00    0.000000E+00    0.000000E+00    0.000000E+00
    0.000000E+00    0.000000E+00    0.000000E+00    0.000000E+00    0.000000E+00    0.000000E+00
    3.091571E-02    4.464254E-01    6.767227E-01   -2.922420E+00   -9.846620E+00   -3.525513E+00
    3.050855E-02    4.467083E-01    6.760411E-01   -2.971140E+00   -1.003529E+01   -2.517344E+00
    3.029574E-02    4.471636E-01    6.755065E-01   -3.016569E+00   -1.011426E+01   -1.324798E+00
    3.015354E-02    4.476913E-01    6.750362E-01   -3.058855E+00   -1.011771E+01   -7.781788E-02
    3.003744E-02    4.482555E-01    6.746002E-01   -3.098130E+00   -1.006675E+01    1.184812E+00
    2.993130E-02    4.488429E-01    6.741873E-01   -3.134514E+00   -9.974502E+00    2.447879E+00
    2.982924E-02    4.494486E-01    6.737930E-01   -3.168122E+00   -9.849148E+00    3.702176E+00
    2.972905E-02    4.500705E-01    6.734153E-01   -3.199058E+00   -9.695803E+00    4.939999E+00
    2.962987E-02    4.507077E-01    6.730529E-01   -3.227421E+00   -9.517699E+00    6.154033E+00
    2.953134E-02    4.513598E-01    6.727051E-01   -3.253302E+00   -9.316905E+00    7.337095E+00
    2.943323E-02    4.520261E-01    6.723711E-01   -3.276786E+00   -9.094793E+00    8.482103E+00
    2.933542E-02    4.527065E-01    6.720501E-01   -3.297954E+00   -8.852315E+00    9.582091E+00
    2.923782E-02    4.534005E-01    6.717416E-01   -3.316878E+00   -8.590185E+00    1.063026E+01
    2.914036E-02    4.541079E-01    6.714449E-01   -3.333628E+00   -8.308987E+00    1.162000E+01
    2.904295E-02    4.548285E-01    6.711594E-01   -3.348266E+00   -8.009241E+00    1.254498E+01
    2.894538E-02    4.555616E-01    6.708842E-01   -3.360851E+00   -7.691448E+00    1.339914E+01
    2.884756E-02    4.563072E-01    6.706188E-01   -3.371437E+00   -7.356114E+00    1.417674E+01
    2.874943E-02    4.570648E-01    6.703626E-01   -3.380075E+00   -7.003769E+00    1.487243E+01
    2.865094E-02    4.578342E-01    6.701148E-01   -3.386809E+00   -6.634977E+00    1.548128E+01
    2.855204E-02    4.586152E-01    6.698750E-01   -3.391683E+00   -6.250337E+00    1.599882E+01
    2.845266E-02    4.594074E-01    6.696424E-01   -3.394734E+00   -5.850492E+00    1.642108E+01
    2.835275E-02    4.602106E-01    6.694164E-01   -3.395999E+00   -5.436128E+00    1.674462E+01
    2.825227E-02    4.610245E-01    6.691965E-01   -3.395510E+00   -5.007978E+00    1.696660E+01
    2.815118E-02    4.618488E-01    6.689821E-01   -3.393296E+00   -4.566817E+00    1.708475E+01
    2.804936E-02    4.626833E-01    6.687724E-01   -3.389384E+00   -4.113465E+00    1.709746E+01
    2.794674E-02    4.635275E-01    6.685668E-01   -3.383800E+00   -3.648786E+00    1.700379E+01
    2.784324E-02    4.643814E-01    6.683648E-01   -3.376564E+00   -3.173691E+00    1.680344E+01
    2.773881E-02    4.652445E-01    6.681656E-01   -3.367697E+00   -2.689132E+00    1.649686E+01
    2.763340E-02    4.661166E-01    6.679688E-01   -3.357217E+00   -2.196104E+00    1.608518E+01
    2.752692E-02    4.669974E-01    6.677735E-01   -3.345141E+00   -1.695639E+00    1.557029E+01
    2.741931E-02    4.678866E-01    6.675793E-01   -3.331482E+00   -1.188814E+00    1.495479E+01
    2.731050E-02    4.687839E-01    6.673854E-01   -3.316253E+00   -6.767409E-01    1.424202E+01
    2.720043E-02    4.696891E-01    6.671913E-01   -3.299467E+00   -1.605679E-01    1.343604E+01
    2.708901E-02    4.706019E-01    6.669962E-01   -3.281133E+00    3.585225E-01    1.254165E+01
    2.697617E-02    4.715219E-01    6.667996E-01   -3.261260E+00    8.793154E-01    1.156432E+01
    2.686183E-02    4.724489E-01    6.666008E-01   -3.239856E+00    1.400566E+00    1.051023E+01
    2.674589E-02    4.733825E-01    6.663990E-01   -3.216929E+00    1.921000E+00    9.386199E+00
    2.662829E-02    4.743225E-01    6.661938E-01   -3.192484E+00    2.439320E+00    8.199653E+00
    2.650892E-02    4.752685E-01    6.659843E-01   -3.166526E+00    2.954205E+00    6.958614E+00
    2.638770E-02    4.762203E-01    6.657699E-01   -3.139061E+00    3.464314E+00    5.671631E+00
    2.626454E-02    4.771774E-01    6.655498E-01   -3.110092E+00    3.968290E+00    4.347737E+00
    2.613932E-02    4.781397E-01    6.653235E-01   -3.079622E+00    4.464760E+00    2.996391E+00
    2.601195E-02    4.791066E-01    6.650901E-01   -3.047655E+00    4.952343E+00    1.627417E+00
    2.588232E-02    4.800780E-01    6.648489E-01   -3.014194E+00    5.429649E+00    2.509322E-01
    2.575032E-02    4.810535E-01    6.645993E-01   -2.979240E+00    5.895285E+00   -1.122719E+00
    2.561583E-02    4.820326E-01    6.643403E-01   -2.942795E+00    6.347860E+00   -2.483045E+00
    2.547874E-02    4.830151E-01    6.640713E-01   -2.904862E+00    6.785984E+00   -3.819489E+00
    2.533892E-02    4.840005E-01    6.637915E-01   -2.865443E+00    7.208277E+00   -5.121516E+00
    2.519625E-02    4.849886E-01    6.635000E-01   -2.824538E+00    7.613372E+00   -6.378694E+00
    2.505058E-02    4.859788E-01    6.631960E-01   -2.782150E+00    7.999916E+00   -7.580792E+00
    2.490180E-02    4.869709E-01    6.628787E-01   -2.738280E+00    8.366580E+00   -8.717869E+00
    2.474976E-02    4.879643E-01    6.625471E-01   -2.692929E+00    8.712058E+00   -9.780368E+00
    2.459433E-02    4.889587E-01    6.622004E-01   -2.646101E+00    9.035078E+00   -1.075922E+01
    2.443536E-02    4.899537E-01    6.618377E-01   -2.597796E+00    9.334401E+00   -1.164591E+01
    2.427269E-02    4.909488E-01    6.614580E-01   -2.548018E+00    9.608828E+00   -1.243261E+01
    2.410619E-02    4.919435E-01    6.610602E-01   -2.496768E+00    9.857206E+00   -1.311225E+01
    2.393572E-02    4.929374E-01    6.606435E-01   -2.444049E+00    1.007844E+01   -1.367860E+01
    2.376110E-02    4.939300E-01    6.602067E-01   -2.389864E+00    1.027147E+01   -1.412635E+01
    2.358220E-02    4.949207E-01    6.597488E-01   -2.334217E+00    1.043533E+01   -1.445123E+01
    2.339886E-02    4.959092E-01    6.592686E-01   -2.277112E+00    1.056909E+01   -1.465001E+01
    2.321094E-02    4.968949E-01    6.587650E-01   -2.218553E+00    1.067191E+01   -1.472063E+01
    2.301828E-02    4.978772E-01    6.582367E-01   -2.158544E+00    1.074304E+01   -1.466224E+01
    2.282074E-02    4.988556E-01    6.576826E-01   -2.097092E+00    1.078179E+01   -1.447523E+01
    2.261817E-02    4.998295E-01    6.571013E-01   -2.034201E+00    1.078757E+01   -1.416126E+01
    2.241044E-02    5.007983E-01    6.564915E-01   -1.969879E+00    1.075989E+01   -1.372331E+01
    2.219740E-02    5.017614E-01    6.558518E-01   -1.904132E+00    1.069837E+01   -1.316569E+01
    2.197894E-02    5.027183E-01    6.551807E-01   -1.836970E+00    1.060273E+01   -1.249399E+01
    2.175493E-02    5.036682E-01    6.544768E-01   -1.768399E+00    1.047280E+01   -1.171512E+01
    2.152524E-02    5.046105E-01    6.537385E-01   -1.698430E+00    1.030854E+01   -1.083724E+01
    2.128978E-02    5.055445E-01    6.529641E-01   -1.627073E+00    1.011005E+01   -9.869703E+00
    2.104845E-02    5.064696E-01    6.521521E-01   -1.554340E+00    9.877522E+00   -8.823005E+00
    2.080117E-02    5.073850E-01    6.513006E-01   -1.480242E+00    9.611328E+00   -7.708682E+00
    2.054785E-02    5.082899E-01    6.504079E-01   -1.404794E+00    9.311964E+00   -6.539203E+00
    2.028844E-02    5.091837E-01    6.494720E-01   -1.328010E+00    8.980075E+00   -5.327855E+00
    2.002289E-02    5.100656E-01    6.484911E-01   -1.249905E+00    8.616464E+00   -4.088597E+00
    1.975118E-02    5.109347E-01    6.474632E-01   -1.170497E+00    8.222090E+00   -2.835897E+00
    1.947328E-02    5.117903E-01    6.463862E-01   -1.089805E+00    7.798070E+00   -1.584554E+00
    1.918918E-02    5.126314E-01    6.452578E-01   -1.007849E+00    7.345685E+00   -3.495143E-01
    1.889890E-02    5.134574E-01    6.440759E-01   -9.246500E-01    6.866383E+00    8.543255E-01
    1.860249E-02    5.142672E-01    6.428383E-01   -8.402326E-01    6.361783E+00    2.012330E+00
    1.829999E-02    5.150600E-01    6.415427E-01   -7.546221E-01    5.833669E+00    3.110354E+00
    1.799148E-02    5.158349E-01    6.401865E-01   -6.678459E-01    5.283989E+00    4.134965E+00
    1.767704E-02    5.165910E-01    6.387672E-01   -5.799334E-01    4.714859E+00    5.073653E+00
    1.735677E-02    5.173272E-01    6.372825E-01   -4.909170E-01    4.128559E+00    5.915049E+00
    1.703083E-02    5.180427E-01    6.357296E-01   -4.008313E-01    3.527530E+00    6.649140E+00
    1.669936E-02    5.187365E-01    6.341061E-01   -3.097132E-01    2.914359E+00    7.267476E+00
    1.636252E-02    5.194076E-01    6.324090E-01   -2.176022E-01    2.291778E+00    7.763341E+00
    1.602049E-02    5.200549E-01    6.306357E-01   -1.245409E-01    1.662655E+00    8.131905E+00
    1.567349E-02    5.206774E-01    6.287834E-01   -3.057526E-02    1.029987E+00    8.370354E+00
    1.532175E-02    5.212743E-01    6.268494E-01    6.424543E-02    3.968806E-01    8.477991E+00
    1.496552E-02    5.218443E-01    6.248308E-01    1.598693E-01   -2.334665E-01    8.456305E+00
    1.460505E-02    5.223865E-01    6.227247E-01    2.562407E-01   -8.577768E-01    8.308981E+00
    1.424061E-02    5.228999E-01    6.205283E-01    3.533004E-01   -1.472709E+00    8.041878E+00
    1.387251E-02    5.233833E-01    6.182386E-01    4.509846E-01   -2.074879E+00    7.662960E+00
    1.350106E-02    5.238358E-01    6.158530E-01    5.492263E-01   -2.660889E+00    7.182187E+00
    1.312657E-02    5.242564E-01    6.133684E-01    6.479547E-01   -3.227351E+00    6.611351E+00
    1.274938E-02    5.246439E-01    6.107821E-01    7.470946E-01   -3.770910E+00    5.963860E+00
    1.236983E-02    5.249975E-01    6.080912E-01    8.465668E-01   -4.288269E+00    5.254491E+00
    1.198828E-02    5.253160E-01    6.052932E-01    9.462872E-01   -4.776221E+00    4.499098E+00
    1.160510E-02    5.255985E-01    6.023851E-01    1.046168E+00   -5.231679E+00    3.714279E+00
    1.122064E-02    5.258441E-01    5.993645E-01    1.146117E+00   -5.651708E+00    2.917019E+00
    1.083529E-02    5.260517E-01    5.962287E-01    1.246038E+00   -6.033555E+00    2.124316E+00
    1.044943E-02    5.262204E-01    5.929753E-01    1.345830E+00   -6.374677E+00    1.352785E+00
    1.006342E-02    5.263494E-01    5.896017E-01    1.445387E+00   -6.672775E+00    6.182687E-01
    9.677666E-03    5.264377E-01    5.861058E-01    1.544601E+00   -6.925823E+00   -6.455043E-02
    9.292541E-03    5.264844E-01    5.824852E-01    1.643358E+00   -7.132096E+00   -6.825165E-01
    8.908423E-03    5.264888E-01    5.787379E-01    1.741540E+00   -7.290200E+00   -1.224338E+00
    8.525686E-03    5.264499E-01    5.748618E-01    1.839027E+00   -7.399096E+00   -1.680886E+00
    8.144698E-03    5.263671E-01    5.708550E-01    1.935694E+00   -7.458120E+00   -2.045437E+00
    7.765832E-03    5.262397E-01    5.667157E-01    2.031413E+00   -7.467003E+00   -2.313858E+00
    7.389450E-03    5.260668E-01    5.624424E-01    2.126052E+00   -7.425886E+00   -2.484733E+00
    7.015898E-03    5.258478E-01    5.580334E-01    2.219476E+00   -7.335341E+00   -2.559408E+00
    6.645509E-03    5.255820E-01    5.534872E-01    2.311550E+00   -7.196371E+00   -2.541961E+00
    6.278613E-03    5.252688E-01    5.488025E-01    2.402134E+00   -7.010411E+00   -2.439086E+00
    5.915543E-03    5.249077E-01    5.439783E-01    2.491086E+00   -6.779329E+00   -2.259907E+00
    5.556607E-03    5.244981E-01    5.390134E-01    2.578264E+00   -6.505421E+00   -2.015719E+00
    5.202096E-03    5.240394E-01    5.339069E-01    2.663522E+00   -6.191403E+00   -1.719657E+00
    4.852278E-03    5.235311E-01    5.286578E-01    2.746717E+00   -5.840389E+00   -1.386301E+00
    4.507430E-03    5.229727E-01    5.232655E-01    2.827703E+00   -5.455865E+00   -1.031222E+00
    4.167816E-03    5.223638E-01    5.177295E-01    2.906332E+00   -5.041663E+00   -6.705067E-01
    3.833675E-03    5.217040E-01    5.120491E-01    2.982460E+00   -4.601934E+00   -3.202535E-01
    3.505224E-03    5.209929E-01    5.062240E-01    3.055942E+00   -4.141107E+00    3.944777E-03
    3.182664E-03    5.202299E-01    5.002537E-01    3.126635E+00   -3.663844E+00    2.875109E-01
    2.866200E-03    5.194148E-01    4.941380E-01    3.194395E+00   -3.174991E+00    5.173699E-01
    2.556017E-03    5.185471E-01    4.878769E-01    3.259083E+00   -2.679535E+00    6.823888E-01
    2.252279E-03    5.176267E-01    4.814702E-01    3.320561E+00   -2.182543E+00    7.737637E-01
    1.955127E-03    5.166530E-01    4.749179E-01    3.378694E+00   -1.689110E+00    7.853400E-01
    1.664693E-03    5.156258E-01    4.682200E-01    3.433351E+00   -1.204300E+00    7.138520E-01
    1.381104E-03    5.145446E-01    4.613766E-01    3.484404E+00   -7.330815E-01    5.590719E-01
    1.104468E-03    5.134093E-01    4.543879E-01    3.531728E+00   -2.802736E-01    3.238582E-01
    8.348771E-04    5.122194E-01    4.472541E-01    3.575205E+00    1.495173E-01    1.410711E-02
    5.724031E-04    5.109747E-01    4.399753E-01    3.614721E+00    5.519556E-01   -3.613968E-01
    3.171120E-04    5.096748E-01    4.325519E-01    3.650167E+00    9.230333E-01   -7.912248E-01
    6.905950E-05    5.083193E-01    4.249842E-01    3.681439E+00    1.259124E+00   -1.261641E+00
   -1.717133E-04    5.069081E-01    4.172725E-01    3.708442E+00    1.557032E+00   -1.757017E+00
   -4.051787E-04    5.054406E-01    4.094171E-01    3.731083E+00    1.814040E+00   -2.260323E+00
   -6.313206E-04    5.039165E-01    4.014183E-01    3.749280E+00    2.027949E+00   -2.753655E+00
   -8.501321E-04    5.023356E-01    3.932767E-01    3.762956E+00    2.197114E+00   -3.218815E+00
   -1.061616E-03    5.006974E-01    3.849925E-01    3.772042E+00    2.320469E+00   -3.637898E+00
   -1.265784E-03    4.990015E-01    3.765662E-01    3.776477E+00    2.397553E+00   -3.993879E+00
   -1.462657E-03    4.972476E-01    3.679982E-01    3.776207E+00    2.428519E+00   -4.271185E+00
   -1.652266E-03    4.954354E-01    3.592890E-01    3.771187E+00    2.414142E+00   -4.456220E+00
   -1.834648E-03    4.935643E-01    3.504388E-01    3.761382E+00    2.355817E+00   -4.537840E+00
   -2.009849E-03    4.916339E-01    3.414483E-01    3.746764E+00    2.255546E+00   -4.507753E+00
   -2.177921E-03    4.896439E-01    3.323178E-01    3.727314E+00    2.115920E+00   -4.360833E+00
   -2.338918E-03    4.875938E-01    3.230479E-01    3.703024E+00    1.940087E+00   -4.095343E+00
   -2.492906E-03    4.854832E-01    3.136390E-01    3.673893E+00    1.731724E+00   -3.713054E+00
   -2.639953E-03    4.833117E-01    3.040915E-01    3.639931E+00    1.494983E+00   -3.219255E+00
   -2.780134E-03    4.810787E-01    2.944059E-01    3.601159E+00    1.234448E+00   -2.622664E+00
   -2.913525E-03    4.787838E-01    2.845828E-01    3.557606E+00    9.550685E-01   -1.935224E+00
   -3.040206E-03    4.764265E-01    2.746226E-01    3.509312E+00    6.621012E-01   -1.171811E+00
   -3.160263E-03    4.740064E-01    2.645260E-01    3.456326E+00    3.610359E-01   -3.498498E-01
   -3.273784E-03    4.715230E-01    2.542934E-01    3.398708E+00    5.752115E-02    5.111497E-01
   -3.380862E-03    4.689757E-01    2.439254E-01    3.336530E+00   -2.427137E-01    1.390120E+00
   -3.481586E-03    4.663642E-01    2.334225E-01    3.269871E+00   -5.339404E-01    2.265009E+00
   -3.576052E-03    4.636879E-01    2.227855E-01    3.198822E+00   -8.105144E-01    3.113392E+00
   -3.664358E-03    4.609462E-01    2.120148E-01    3.123484E+00   -1.066958E+00    3.913092E+00
   -3.746602E-03    4.581387E-01    2.011112E-01    3.043968E+00   -1.298042E+00    4.642803E+00
   -3.822885E-03    4.552650E-01    1.900753E-01    2.960396E+00   -1.498866E+00    5.282698E+00
   -3.893306E-03    4.523244E-01    1.789078E-01    2.872899E+00   -1.664938E+00    5.814997E+00
   -3.957966E-03    4.493165E-01    1.676095E-01    2.781619E+00   -1.792240E+00    6.224486E+00
   -4.016968E-03    4.462408E-01    1.561811E-01    2.686706E+00   -1.877303E+00    6.498978E+00
   -4.070415E-03    4.430967E-01    1.446233E-01    2.588321E+00   -1.917262E+00    6.629695E+00
   -4.118410E-03    4.398838E-01    1.329371E-01    2.486634E+00   -1.909907E+00    6.611564E+00
   -4.161055E-03    4.366016E-01    1.211233E-01    2.381824E+00   -1.853734E+00    6.443418E+00
   -4.198453E-03    4.332496E-01    1.091829E-01    2.274080E+00   -1.747970E+00    6.128098E+00
   -4.230708E-03    4.298272E-01    9.711658E-02    2.163597E+00   -1.592605E+00    5.672448E+00
   -4.257922E-03    4.263340E-01    8.492550E-02    2.050581E+00   -1.388401E+00    5.087202E+00
   -4.280196E-03    4.227695E-01    7.261065E-02    1.935244E+00   -1.136895E+00    4.386758E+00
   -4.297633E-03    4.191333E-01    6.017310E-02    1.817806E+00   -8.403943E-01    3.588849E+00
   -4.310334E-03    4.154248E-01    4.761395E-02    1.698496E+00   -5.019505E-01    2.714116E+00
   -4.318399E-03    4.116436E-01    3.493433E-02    1.577546E+00   -1.253330E-01    1.785569E+00
   -4.321929E-03    4.077891E-01    2.213544E-02    1.455197E+00    2.850153E-01    8.279787E-01
   -4.321021E-03    4.038611E-01    9.218546E-03    1.331696E+00    7.240298E-01   -1.328154E-01
   -4.315775E-03    3.998590E-01   -3.815064E-03    1.207293E+00    1.186087E+00   -1.070654E+00
   -4.306288E-03    3.957823E-01   -1.696405E-02    1.082244E+00    1.665075E+00   -1.959848E+00
   -4.292656E-03    3.916306E-01   -3.022704E-02    9.568096E-01    2.154476E+00   -2.775988E+00
   -4.274974E-03    3.874036E-01   -4.360256E-02    8.312524E-01    2.647447E+00   -3.496752E+00
   -4.253338E-03    3.831008E-01   -5.708912E-02    7.058390E-01    3.136919E+00   -4.102681E+00
   -4.227840E-03    3.787218E-01   -7.068517E-02    5.808379E-01    3.615692E+00   -4.577896E+00
   -4.198573E-03    3.742662E-01   -8.438910E-02    4.565192E-01    4.076531E+00   -4.910735E+00
   -4.165628E-03    3.697336E-01   -9.819925E-02    3.331537E-01    4.512276E+00   -5.094271E+00
   -4.129095E-03    3.651236E-01   -1.121139E-01    2.110126E-01    4.915937E+00   -5.126684E+00
   -4.089064E-03    3.604360E-01   -1.261313E-01    9.036635E-02    5.280801E+00   -5.011473E+00
   -4.045621E-03    3.556702E-01   -1.402496E-01   -2.851580E-02    5.600527E+00   -4.757473E+00
   -3.998855E-03    3.508261E-01   -1.544668E-01   -1.453667E-01    5.869244E+00   -4.378670E+00
   -3.948851E-03    3.459032E-01   -1.687811E-01   -2.599220E-01    6.081637E+00   -3.893804E+00
   -3.895692E-03    3.409013E-01   -1.831905E-01   -3.719210E-01    6.233031E+00   -3.325753E+00
   -3.839462E-03    3.358200E-01   -1.976928E-01   -4.811073E-01    6.319468E+00   -2.700717E+00
   -3.780244E-03    3.306591E-01   -2.122859E-01   -5.872297E-01    6.337767E+00   -2.047207E+00
   -3.718118E-03    3.254183E-01   -2.269677E-01   -6.900430E-01    6.285582E+00   -1.394890E+00
   -3.653164E-03    3.200974E-01   -2.417359E-01   -7.893088E-01    6.161449E+00   -7.733024E-01
   -3.585460E-03    3.146960E-01   -2.565880E-01   -8.847961E-01    5.964816E+00   -2.105095E-01
   -3.515083E-03    3.092140E-01   -2.715219E-01   -9.762824E-01    5.696063E+00    2.682557E-01
   -3.442111E-03    3.036512E-01   -2.865350E-01   -1.063554E+00    5.356513E+00    6.418938E-01
   -3.366617E-03    2.980073E-01   -3.016247E-01   -1.146408E+00    4.948428E+00    8.946166E-01
   -3.288676E-03    2.922821E-01   -3.167886E-01   -1.224652E+00    4.474990E+00    1.016939E+00
   -3.208359E-03    2.864756E-01   -3.320240E-01   -1.298103E+00    3.940275E+00    1.006418E+00
   -3.125740E-03    2.805875E-01   -3.473281E-01   -1.366593E+00    3.349210E+00    8.680749E-01
   -2.739577E-03    2.539093E-01   -4.149125E-01   -1.603993E+00    2.640770E-01   -7.791637E-01
   -2.316381E-03    2.256661E-01   -4.835076E-01   -1.734383E+00   -3.153711E+00   -2.166444E+00
   -1.861353E-03    1.958577E-01   -5.528426E-01   -1.753877E+00   -6.166680E+00   -7.276633E-01
   -1.379310E-03    1.644914E-01   -6.226219E-01   -1.665145E+00   -8.080105E+00    3.593578E+00
   -8.746994E-04    1.315824E-01   -6.925257E-01   -1.477752E+00   -8.410006E+00    7.406935E+00
   -3.516171E-04    9.715435E-02   -7.622097E-01   -1.208076E+00   -7.015919E+00    6.503526E+00
    1.861703E-04    6.124008E-02   -8.313063E-01   -8.787508E-01   -4.167512E+00    2.048718E-01
    7.352093E-04    2.388194E-02   -8.994254E-01   -5.176210E-01   -5.200047E-01   -7.004599E+00
    1.292340E-03   -1.486763E-02   -9.661558E-01   -1.562100E-01    3.016505E+00   -9.112064E+00
    1.854677E-03   -5.494557E-02   -1.031067E+00    1.722362E-01    5.508109E+00   -4.509560E+00
    2.419596E-03   -9.627771E-02   -1.093710E+00    4.350435E-01    6.287956E+00    2.103928E+00
    2.984712E-03   -1.387783E-01   -1.153622E+00    6.026082E-01    5.223032E+00    4.567794E+00
    3.547866E-03   -1.823498E-01   -1.210327E+00    6.509286E-01    2.841644E+00    1.911296E+00
    4.107111E-03   -2.268822E-01   -1.263341E+00    5.639777E-01    2.172274E-01   -9.138245E-01
    4.660694E-03   -2.722527E-01   -1.312173E+00    3.357049E-01   -1.421036E+00    6.001757E-01
    5.207045E-03   -3.183259E-01   -1.356333E+00   -2.853732E-02   -1.249182E+00    4.650650E+00
    5.744766E-03   -3.649531E-01   -1.395334E+00   -5.113279E-01    6.555011E-01    5.186233E+00
    6.272614E-03   -4.119724E-01   -1.428696E+00   -1.083415E+00    3.173995E+00   -4.107696E-01
    6.789492E-03   -4.592086E-01   -1.455955E+00   -1.704939E+00    4.551009E+00   -7.509761E+00
    7.294438E-03   -5.064734E-01   -1.476664E+00   -2.327650E+00    3.277403E+00   -9.034375E+00
    7.786617E-03   -5.535656E-01   -1.490406E+00   -2.898034E+00   -9.340724E-01   -3.167189E+00
    8.265306E-03   -6.002711E-01   -1.496794E+00   -3.361179E+00   -6.646731E+00    4.731330E+00
    8.729892E-03   -6.463639E-01   -1.495481E+00   -3.665128E+00   -1.111610E+01    7.658125E+00
    9.179858E-03   -6.916060E-01   -1.486167E+00   -3.765388E+00   -1.161280E+01    3.992605E+00
    9.614776E-03   -7.357488E-01   -1.468605E+00   -3.629227E+00   -7.048642E+00   -1.041124E+00
    1.003430E-02   -7.785337E-01   -1.442610E+00   -3.239372E+00    1.058033E+00   -1.571168E+00
    1.043817E-02   -8.196931E-01   -1.408066E+00   -2.596742E+00    9.044005E+00    1.105260E+00
    1.082619E-02   -8.589518E-01   -1.364931E+00   -1.721913E+00    1.297650E+01   -1.305110E-01
    1.119821E-02   -8.960287E-01   -1.313247E+00   -6.550944E-01    1.096584E+01   -6.529628E+00
    1.155416E-02   -9.306381E-01   -1.253143E+00    5.454765E-01    4.448018E+00   -8.260342E+00
    1.189402E-02   -9.624919E-01   -1.184844E+00    1.806699E+00   -2.570406E+00    1.468291E+00
    1.221781E-02   -9.913013E-01   -1.108674E+00    3.045164E+00   -6.029575E+00    1.200554E+01
    1.252560E-02   -1.016780E+00   -1.025061E+00    4.172833E+00   -4.511285E+00    8.383812E+00
    1.281749E-02   -1.038645E+00   -9.345407E-01    5.103454E+00   -1.960810E-01   -4.146722E+00
    1.309362E-02   -1.056622E+00   -8.377557E-01    5.759300E+00    2.753682E+00   -7.301306E+00
    1.335418E-02   -1.070446E+00   -7.354589E-01    6.077760E+00    1.353857E+00   -3.585441E-01
    1.359935E-02   -1.079865E+00   -6.285103E-01    6.017310E+00   -3.806130E+00    5.234439E-01
    1.382936E-02   -1.084645E+00   -5.178746E-01    5.562434E+00   -8.820447E+00   -5.647865E+00
    1.404447E-02   -1.084571E+00   -4.046155E-01    4.727056E+00   -9.308643E+00   -2.772639E+00
    1.424493E-02   -1.079451E+00   -2.898884E-01    3.556092E+00   -3.754113E+00    9.136392E+00
    1.443104E-02   -1.069123E+00   -1.749309E-01    2.124737E+00    5.181624E+00    1.076552E+01
    1.460309E-02   -1.053455E+00   -6.105049E-02    5.351841E-01    1.234108E+01   -2.060938E+00
    1.476140E-02   -1.032349E+00    5.038979E-02   -1.089502E+00    1.346380E+01   -1.079511E+01
    1.490628E-02   -1.005749E+00    1.579888E-01   -2.614421E+00    7.882356E+00   -5.128661E+00
    1.503807E-02   -9.736398E-01    2.603264E-01   -3.904627E+00   -1.162569E+00    2.959501E+00
    1.515710E-02   -9.360534E-01    3.559860E-01   -4.839094E+00   -8.557665E+00    1.874821E+00
    1.526373E-02   -8.930721E-01    4.435782E-01   -5.325773E+00   -1.039192E+01   -1.020149E-01
    1.535829E-02   -8.448314E-01    5.217671E-01   -5.316091E+00   -6.401150E+00    6.536540E+00
    1.544115E-02   -7.915233E-01    5.892986E-01   -4.816663E+00   -3.042000E-01    7.021811E+00
    1.551265E-02   -7.333984E-01    6.450294E-01   -3.895674E+00    2.738946E+00   -8.987160E+00
    1.557315E-02   -6.707685E-01    6.879572E-01   -2.681408E+00    4.885296E-01   -1.396448E+01
    1.562300E-02   -6.040074E-01    7.172514E-01   -1.350991E+00   -3.610886E+00    4.568196E+00
    1.566256E-02   -5.335524E-01    7.322832E-01   -1.086874E-01   -2.967120E+00    1.054429E+01
    1.569218E-02   -4.599036E-01    7.326548E-01    8.450299E-01    5.027290E+00   -1.600132E+00
    1.571220E-02   -3.836237E-01    7.182268E-01    1.350064E+00    1.409991E+01    1.429026E+00
    1.572298E-02   -3.053358E-01    6.891433E-01    1.323022E+00    1.358952E+01    4.775652E+00
    1.572486E-02   -2.257207E-01    6.458525E-01    7.856065E-01    1.797439E-01   -1.122534E+01
    1.571817E-02   -1.455131E-01    5.891236E-01   -1.231206E-01   -1.573584E+01   -9.887117E+00
    1.570325E-02   -6.549636E-02    5.200579E-01   -1.157463E+00   -1.896241E+01    1.131192E+01
    1.568043E-02    1.350386E-02    4.400936E-01   -2.002140E+00   -6.312973E+00    1.020251E+01
    1.565003E-02    9.062715E-02    3.510029E-01   -2.333546E+00    8.536774E+00   -4.454874E+00
    1.561237E-02    1.649874E-01    2.548812E-01   -1.896456E+00    1.044738E+01   -3.341750E+00
    1.556776E-02    2.356829E-01    1.541272E-01   -5.810757E-01    1.059310E+00   -1.363266E+00
    1.551651E-02    3.018084E-01    5.141362E-02    1.518854E+00   -3.968644E+00   -8.324112E+00
    1.545892E-02    3.624672E-01   -5.035232E-02    4.086317E+00    3.469822E+00    3.728765E+00
    1.539527E-02    4.167860E-01   -1.480781E-01    6.613896E+00    1.219112E+01    1.724511E+01
    1.532587E-02    4.639294E-01   -2.385455E-01    8.492804E+00    6.851994E+00   -6.146079E+00
    1.525098E-02    5.031163E-01   -3.184795E-01    9.147038E+00   -1.007116E+01   -1.258488E+01
    1.517088E-02    5.336365E-01   -3.846263E-01    8.186258E+00   -1.995097E+01    5.024642E+00
    1.508584E-02    5.548681E-01   -4.338392E-01    5.539420E+00   -1.127006E+01   -4.263735E+00
    1.499611E-02    5.662951E-01   -4.631702E-01    1.527964E+00    6.676010E+00    6.430339E+00
    1.490194E-02    5.675249E-01   -4.699666E-01   -3.154170E+00    1.585860E+01    1.323954E+01
    1.480359E-02    5.583051E-01   -4.519700E-01   -7.565831E+00    9.813473E+00   -1.633970E+01
    1.470129E-02    5.385402E-01   -4.074139E-01   -1.073219E+01   -1.403171E+00   -7.025303E+00
    1.459527E-02    5.083067E-01   -3.351187E-01   -1.189900E+01   -4.365247E+00    9.473338E+00
    1.448576E-02    4.678661E-01   -2.345803E-01   -1.075826E+01    1.164063E+00    8.891221E-01
    1.437297E-02    4.176765E-01   -1.060478E-01   -7.572134E+00    1.325680E+00    6.347092E+00
    1.425711E-02    3.584008E-01    4.941133E-02   -3.141787E+00   -1.049166E+01   -2.850224E+00
    1.413840E-02    2.909128E-01    2.298635E-01    1.390292E+00   -1.677686E+01   -1.799038E+01
    1.401702E-02    2.162983E-01    4.324817E-01    4.862353E+00    8.304459E-01    1.339591E+01
    1.389318E-02    1.358529E-01    6.535416E-01    6.448684E+00    2.414333E+01    7.938889E+00
    1.376705E-02    5.107557E-02    8.884432E-01    5.932169E+00    1.788636E+01   -6.652189E+00
    1.363881E-02   -3.634397E-02    1.131762E+00    3.791055E+00   -1.016913E+01    2.223283E+00
    1.350864E-02   -1.245419E-01    1.377330E+00    1.050158E+00   -1.674563E+01   -1.726529E+01
    1.337671E-02   -2.115031E-01    1.618345E+00   -1.073040E+00    1.238857E+00    1.833524E+01
    1.324317E-02   -2.950897E-01    1.847511E+00   -1.616385E+00    3.222058E+00    4.941556E+00
    1.310818E-02   -3.730747E-01    2.057208E+00   -2.553794E-01   -1.247103E+01   -1.231047E+01
    1.297189E-02   -4.431817E-01    2.239690E+00    2.532092E+00   -4.727125E+00    3.113779E-01
    1.283444E-02   -5.031294E-01    2.387299E+00    5.600996E+00    2.202459E+01   -4.975453E+00
    1.269597E-02   -5.506812E-01    2.492700E+00    7.545722E+00    1.941080E+01    1.843190E+01
    1.255662E-02   -5.836985E-01    2.549132E+00    7.238446E+00   -1.150035E+01   -6.895536E+00
    1.241651E-02   -6.001972E-01    2.550656E+00    4.296035E+00   -2.217898E+01   -1.417840E+01
    1.227577E-02   -5.984070E-01    2.492406E+00   -7.119915E-01   -3.755015E+00    1.125874E+01
    1.213451E-02   -5.768306E-01    2.370826E+00   -6.407445E+00    8.154147E+00   -8.515040E-01
    1.199285E-02   -5.343032E-01    2.183892E+00   -1.105478E+01    1.323115E+00    1.250872E+01
    1.185090E-02   -4.700499E-01    1.931302E+00   -1.315334E+01    1.339183E+00   -2.778937E+01
    1.170875E-02   -3.837388E-01    1.614629E+00   -1.195114E+01    1.557226E+01    1.781117E+01
    1.156652E-02   -2.755290E-01    1.237439E+00   -7.698589E+00    7.295448E+00   -3.144528E-01
    1.142429E-02   -1.461115E-01    8.053468E-01   -1.566766E+00   -2.612567E+01    4.899286E+00
    1.128216E-02    3.260222E-03    3.260231E-01    4.722904E+00   -2.009358E+01   -1.786635E+01
    1.114022E-02    1.707494E-01   -1.908626E-01    9.425802E+00    2.109718E+01    9.573247E+00
    1.099855E-02    3.539286E-01   -7.337642E-01    1.130138E+01    1.530031E+01    1.061121E+01
    1.085722E-02    5.497869E-01   -1.289448E+00    1.000295E+01   -9.561822E+00   -1.165777E+01
    1.071632E-02    7.547512E-01   -1.843250E+00    6.222850E+00    8.852298E+00   -5.231910E+00
    1.057591E-02    9.647260E-01   -2.379402E+00    1.514403E+00    3.073804E+00    1.018323E+01
    1.043608E-02    1.175148E+00   -2.881418E+00   -2.234718E+00   -3.138245E+01    4.601550E+00
    1.029687E-02    1.381059E+00   -3.332550E+00   -3.584167E+00   -3.218846E+00   -1.373875E+01
    1.015836E-02    1.577195E+00   -3.716295E+00   -2.302523E+00    3.239198E+01    9.097441E-01
    1.002061E-02    1.758094E+00   -4.016955E+00    3.107989E-01    4.751346E+00    1.565414E+01
    9.883670E-03    1.918212E+00   -4.220235E+00    1.909064E+00   -1.354709E+01   -1.222463E+01
    9.747596E-03    2.052057E+00   -4.313873E+00    3.917004E-01   -4.023220E-01   -5.012183E+00
    9.612439E-03    2.154332E+00   -4.288281E+00   -4.555587E+00   -8.597725E+00    9.307814E+00
    9.478249E-03    2.220085E+00   -4.137182E+00   -1.066197E+01   -1.273345E+01    9.031398E+00
    9.345072E-03    2.244861E+00   -3.858214E+00   -1.385916E+01    2.554388E+01   -3.039988E+01
    9.212952E-03    2.224856E+00   -3.453478E+00   -1.063202E+01    2.140439E+01    3.162378E+01
    9.081929E-03    2.157069E+00   -2.929981E+00   -7.067850E-01   -3.205399E+01   -1.382506E+01
    8.952043E-03    2.039445E+00   -2.299947E+00    1.182955E+01   -6.766935E+00   -1.561635E+00
    8.823332E-03    1.871003E+00   -1.580940E+00    2.027603E+01    1.034842E+01   -8.206490E-01
    8.695830E-03    1.651953E+00   -7.957460E-01    1.937143E+01   -1.202437E+01    1.316566E+01
    8.569571E-03    1.383791E+00    2.802586E-02    9.126161E+00    3.185725E+01   -1.459704E+01
    8.444586E-03    1.069371E+00    8.586711E-01   -4.542152E+00    4.788254E-01   -4.930993E+00
    8.320905E-03    7.129508E-01    1.661484E+00   -1.344800E+01   -4.090344E+01    3.133001E+01
    8.198555E-03    3.202014E-01    2.400224E+00   -1.287652E+01    1.429063E+01   -3.887009E+01
    8.077564E-03   -1.018080E-01    3.038953E+00   -5.132488E+00    1.053406E+01    1.705073E+01
    7.957956E-03   -5.446684E-01    3.544183E+00    2.243640E+00    2.050704E+00    1.647901E+01
    7.839754E-03   -9.987275E-01    3.887256E+00    2.651560E+00    1.360602E+01   -3.512006E+01
    7.722982E-03   -1.453227E+00    4.046823E+00   -3.860140E+00   -2.952866E+01    3.003452E+01
    7.607660E-03   -1.896486E+00    4.011230E+00   -1.036862E+01   -1.247187E+01   -9.280590E+00
    7.493809E-03   -2.316131E+00    3.780603E+00   -8.980897E+00    4.212605E+01   -1.903019E+01
    7.381446E-03   -2.699374E+00    3.368363E+00    1.934995E+00   -1.409700E+01    4.037203E+01
    7.270591E-03   -3.033341E+00    2.801917E+00    1.558209E+01    2.691454E+00   -2.998148E+01
    7.161260E-03   -3.305452E+00    2.122261E+00    2.183320E+01   -1.633400E+01   -1.036091E+01
    7.053470E-03   -3.503843E+00    1.382298E+00    1.537657E+01   -1.273528E+01    3.973426E+01
    6.947236E-03   -3.617842E+00    6.437407E-01   -3.017879E-02    5.151174E+01   -3.513022E+01
    6.842574E-03   -3.638473E+00   -2.738209E-02   -1.457622E+01   -3.000135E+01    8.876997E+00
    6.739498E-03   -3.558984E+00   -5.664757E-01   -1.974890E+01   -2.866525E+00    2.444334E+01
    6.638022E-03   -3.375393E+00   -9.170197E-01   -1.396688E+01   -9.380219E+00   -3.317064E+01
    6.538160E-03   -3.087001E+00   -1.037568E+00   -2.761156E+00    1.141543E+01    3.746531E+00
    6.439926E-03   -2.696876E+00   -9.083881E-01    5.741556E+00    3.080274E+01    4.250787E+00
    6.343332E-03   -2.212248E+00   -5.368877E-01    6.689235E+00   -4.759170E+01    2.046199E+01
    6.248392E-03   -1.644777E+00    3.908221E-02    2.165554E+00    1.290771E+01   -1.886128E+01
    6.155119E-03   -1.010659E+00    7.509114E-01   -2.954902E-01    2.232914E+00   -1.287130E+01
    6.063527E-03   -3.305040E-01    1.502588E+00    5.072950E+00    2.300561E+01    4.714326E+01
    5.973629E-03    3.710400E-01    2.178093E+00    1.438531E+01   -2.052057E+01   -2.749708E+01
    5.885438E-03    1.065980E+00    2.652752E+00    1.505103E+01   -2.343745E+01   -1.023271E+01
    5.798970E-03    1.723998E+00    2.807874E+00   -9.445955E-01    3.951506E+01   -2.351468E+01
    5.714238E-03    2.313807E+00    2.547435E+00   -2.364235E+01   -9.780730E+00    2.922778E+01
    5.631258E-03    2.804843E+00    1.814942E+00   -3.054844E+01    6.199414E-01    1.444150E+01
    5.550046E-03    3.169214E+00    6.081808E-01   -1.119514E+01   -3.589187E+01   -3.263624E+01
    5.470619E-03    3.383845E+00   -1.010689E+00    1.676257E+01    5.575763E+01   -8.874577E+00
    5.392994E-03    3.432670E+00   -2.912084E+00    2.489459E+01   -2.778009E+01   -1.961806E+01
    5.317190E-03    3.308711E+00   -4.904907E+00    8.492643E+00    5.112790E+00    5.515092E+01
    5.243228E-03    3.015849E+00   -6.752336E+00   -7.082925E+00   -3.170094E+01   -3.664603E+00
    5.171128E-03    2.570039E+00   -8.197115E+00   -1.191591E+00    6.847528E+01    2.270863E+01
    5.100913E-03    1.999759E+00   -8.994373E+00    1.228451E+01   -5.918355E+01   -5.694447E+01
    5.032607E-03    1.345478E+00   -8.948352E+00    5.204963E+00    2.117302E+01   -1.177869E+00
    4.966238E-03    6.579518E-01   -7.948067E+00   -2.068163E+01   -1.337376E+01   -3.591465E+01
    4.901832E-03   -4.715072E-03   -5.996006E+00   -3.168058E+01    4.490506E+01    4.234559E+01
    4.839419E-03   -5.812423E-01   -3.224015E+00   -8.903909E+00   -6.485524E+01    2.976876E-01
    4.779033E-03   -1.012422E+00    1.085322E-01    2.369698E+01    4.285285E+01    5.365530E+01
    4.720708E-03   -1.247132E+00    3.637020E+00    3.085204E+01   -1.144426E+01   -1.740797E+01
    4.664480E-03   -1.248639E+00    6.934023E+00    1.022181E+01    1.647269E+01    2.680710E+01
    4.610392E-03   -1.000580E+00    9.567885E+00   -1.062923E+01   -4.933805E+01   -4.920852E+01
    4.558484E-03   -5.118720E-01    1.116977E+01   -1.222324E+01    5.857868E+01    7.898428E+00
    4.508805E-03    1.802098E-01    1.149859E+01   -3.266301E+00   -1.688771E+01   -6.327878E+01
    4.461405E-03    1.009558E+00    1.049162E+01   -4.016694E+00   -4.223839E+01   -5.206933E+00
    4.416336E-03    1.883959E+00    8.289545E+00   -1.562236E+01    6.603361E+01   -6.662063E+01
    4.373658E-03    2.691375E+00    5.227515E+00   -1.269785E+01   -4.280202E+01   -2.328988E+01
    4.333432E-03    3.309776E+00    1.789344E+00    1.846380E+01    1.153842E+01   -4.148059E+01
    4.295724E-03    3.620040E+00   -1.470877E+00    4.141564E+01   -8.376253E+00   -3.418199E+01
    4.260608E-03    3.520943E+00   -4.028239E+00    1.322417E+01    2.404150E+01   -7.065484E+00
    4.228159E-03    2.944747E+00   -5.489664E+00   -3.403299E+01   -2.150171E+01   -7.364002E+01
    4.198462E-03    1.871485E+00   -5.678640E+00   -3.073322E+01   -9.387336E+00   -8.033750E+00
    4.171603E-03    3.397660E-01   -4.681750E+00    8.037289E+00    4.316687E+01   -7.401978E+01
    4.147679E-03   -1.548037E+00   -2.842486E+00    8.844599E+00   -5.607998E+01   -2.000018E+01
    4.126792E-03   -3.628072E+00   -6.978233E-01   -1.391142E+01    4.412595E+01   -3.705557E+01
    4.109051E-03   -5.685926E+00    1.134230E+00    9.265013E+00   -3.239171E-01   -6.054813E+01
    4.094573E-03   -7.476331E+00    2.095274E+00    4.302727E+01   -6.391013E+01    4.660102E+01
    4.083484E-03   -8.750562E+00    1.825161E+00    7.908980E+00    8.541265E+01   -1.035129E+01
    4.075919E-03   -9.288988E+00    2.652311E-01   -4.716067E+01   -2.325696E+01    4.318243E+01
    4.072020E-03   -8.934990E+00   -2.302350E+00   -3.146095E+01   -4.814954E+01    8.428795E+01
    4.071943E-03   -7.625396E+00   -5.294932E+00    1.714588E+01    5.113024E+01   -2.886853E+01
    4.075851E-03   -5.412224E+00   -7.946745E+00    2.134584E+01   -2.107657E+01   -1.468165E-02
    4.083921E-03   -2.470808E+00   -9.480911E+00    2.746979E+00   -1.885403E+00   -3.008654E+01
    4.096342E-03    9.092704E-01   -9.297858E+00    9.583479E+00    1.091129E+01   -8.784337E+01
    4.113313E-03    4.351935E+00   -7.134777E+00    1.597062E+01    3.166342E+01    6.812634E+01
    4.135052E-03    7.439605E+00   -3.155172E+00   -2.173553E+01   -4.098826E+01    6.563685E+01
    4.161786E-03    9.770773E+00    2.056797E+00   -5.133127E+01   -6.987458E+01   -3.933619E+01
    4.193762E-03    1.102247E+01    7.599438E+00    5.287134E+00    1.228639E+02   -2.774878E+01
    4.231241E-03    1.100766E+01    1.243224E+01    5.916387E+01   -3.985664E+01    4.646309E+00
    4.274503E-03    9.716853E+00    1.558993E+01    6.016304E+00   -4.885446E+01    2.915475E+00
    4.323846E-03    7.334140E+00    1.638451E+01   -2.632886E+01    6.537848E+01    2.138238E+01
    4.379589E-03    4.221343E+00    1.455265E+01    1.271657E+01    2.504122E+01   -4.155573E+00
    4.442072E-03    8.686777E-01    1.032103E+01   -2.372819E+01    2.520688E+01   -1.795928E+01
    4.511655E-03   -2.183081E+00    4.379937E+00   -4.578090E+01   -1.487555E+02    9.048292E-01
    4.588727E-03   -4.437652E+00   -2.228318E+00    5.119771E+01    4.937932E+01   -5.196964E-01
    4.673698E-03   -5.538967E+00   -8.289977E+00    5.402804E+01    3.153568E+01    9.891030E+00
    4.767007E-03   -5.348391E+00   -1.264756E+01   -3.802325E+01    2.373438E+01    5.379522E+01
    4.869123E-03   -3.985385E+00   -1.444679E+01   -2.710948E+01   -8.060592E+01   -1.029769E+02
    4.980542E-03   -1.818761E+00   -1.336287E+01    1.751294E+00   -1.078509E+02   -1.608205E+01
    5.101796E-03    5.953061E-01   -9.749893E+00   -1.837022E+01    5.192228E+01    1.364788E+02
    5.233450E-03    2.621153E+00   -4.644850E+00    2.024106E+01    2.679023E+01   -5.135623E+01
    5.376105E-03    3.678725E+00    4.322137E-01    6.182156E+01    1.185765E+02   -2.537489E+00
    5.530403E-03    3.378728E+00    3.893375E+00   -2.793712E+01   -1.073084E+02   -1.037856E+02
    5.697024E-03    1.627332E+00    4.639150E+00   -7.418731E+01   -3.121949E+01    4.693591E+01
    5.876693E-03   -1.326451E+00    2.581439E+00    3.325099E+01   -1.856534E+02    7.359911E+01
    6.070183E-03   -4.917073E+00   -1.107078E+00    1.486149E+01    3.893034E+01    2.386759E+01
    6.278312E-03   -8.362991E+00   -4.230490E+00    2.764559E+00   -4.934386E+01    2.905965E+00
    6.501955E-03   -1.082433E+01   -4.355416E+00    5.773796E+01    1.730451E+02   -8.475641E+01
    6.742036E-03   -1.158559E+01    4.740907E-02   -8.390895E+01    6.427461E+00   -5.107745E+01
    6.999541E-03   -1.022315E+01    8.555729E+00   -3.913670E+01    1.584515E+02   -7.726945E+00
    7.275517E-03   -6.718431E+00    1.840909E+01    8.212224E+01   -6.471594E+01   -9.701494E+00
    7.571074E-03   -1.489411E+00    2.519891E+01   -5.565477E+00    6.532470E+01    1.486772E+02
    7.887392E-03    4.669041E+00    2.461332E+01    1.071021E+01   -1.509278E+02   -3.076759E+01
    8.225722E-03    1.072407E+01    1.463362E+01   -2.219632E+01   -4.398638E+01    1.406604E+02
    8.587392E-03    1.559410E+01   -2.858204E+00   -7.384656E+01   -2.021736E+02   -3.325028E+01
    8.973809E-03    1.835024E+01   -2.208505E+01    7.194823E+01   -1.352793E+02   -9.832351E+01
    9.386467E-03    1.839218E+01   -3.540589E+01    5.939308E+01   -1.347834E+02    3.738334E+01
    9.826947E-03    1.556991E+01   -3.675057E+01   -7.872658E+01   -1.572163E+02   -1.726711E+02
    1.029692E-02    1.023441E+01   -2.487914E+01    1.533842E+01   -2.701933E+01   -1.874656E+02
    1.079817E-02    3.210835E+00   -4.614024E+00   -6.183647E+01   -2.625052E+02   -7.516782E+00
    1.133255E-02   -4.306747E+00    1.502909E+01    8.022053E+01   -5.702905E+01   -1.211852E+02
    1.190207E-02   -1.093735E+01    2.527051E+01    5.595261E+01   -2.654868E+02   -2.687729E+02
    1.250880E-02   -1.536448E+01    2.236309E+01   -1.305054E+02   -7.696822E+01   -1.348872E+02
    1.315497E-02   -1.663400E+01    9.949475E+00    4.111879E+01   -1.478653E+02    3.090993E+01
    1.384292E-02   -1.444708E+01   -2.790420E+00   -2.057858E+01   -2.640514E+02   -3.069836E+01
    1.457509E-02   -9.363967E+00   -6.581830E+00    9.365866E+01    7.428603E+01   -2.175381E+02
    1.535410E-02   -2.813886E+00    1.933607E+00   -3.316870E+01   -9.988517E+01   -3.121169E+02
    1.618266E-02    3.175870E+00    1.743978E+01   -1.225258E+02    1.300760E+02   -2.304473E+02
    1.706367E-02    6.546561E+00    2.862332E+01    1.149177E+02    2.463263E+02   -4.112054E+01
    1.800014E-02    5.963048E+00    2.511770E+01   -1.524349E+01    8.451634E+01    1.005811E+02
    1.899524E-02    1.515154E+00    4.561349E+00    5.901186E+01    2.233551E+02    1.356241E+02
    2.005230E-02   -4.958604E+00   -2.486100E+01   -1.576854E+02   -1.040615E+02    1.950251E+02
    2.117481E-02   -1.020760E+01   -4.838162E+01    6.989464E+01   -3.041625E+02    2.638612E+02
    2.236641E-02   -1.064710E+01   -5.292946E+01    8.255953E+01   -5.454187E+01    1.911260E+02
    2.363093E-02   -3.931431E+00   -3.467566E+01   -5.618859E+01   -4.506092E+01    1.349266E+02
    2.497233E-02    9.557529E+00   -1.281699E+00   -5.019433E+01    1.110439E+02    7.244420E+00
    2.639475E-02    2.605165E+01    3.226195E+01   -2.746155E+01    4.285725E+02   -1.756919E+02
    2.790252E-02    3.915363E+01    5.144630E+01    1.909494E+02   -2.141995E+02   -1.040039E+02
    2.950009E-02    4.207674E+01    4.927670E+01   -1.749909E+02   -4.442070E+02    2.260297E+01
    3.119210E-02    3.070213E+01    2.923650E+01    2.765725E+01    2.450877E+02    4.075446E+02
    3.298335E-02    6.168288E+00    3.264396E+00   -5.151344E+01    2.449853E+02    4.465432E+02
    3.487877E-02   -2.442514E+01   -1.434307E+01    2.390025E+02   -1.085752E+02    2.895425E+02
    3.688344E-02   -5.003163E+01   -1.501861E+01   -2.978450E+02   -2.007341E+02   -2.286194E+02
    3.900257E-02   -6.002107E+01   -2.384385E+00    1.327370E+02    1.406020E+02   -3.466164E+02
    4.124150E-02   -4.919412E+01    7.949470E+00   -3.800112E+01    8.201535E+01   -1.184279E+02
    4.360566E-02   -2.100414E+01   -1.445278E+00    1.754192E+02   -1.370864E+02    1.063068E+02
    4.610056E-02    1.303705E+01   -3.347097E+01   -3.263687E+02   -3.158126E+01    1.788881E+02
    4.873179E-02    3.814813E+01   -6.666400E+01    2.143833E+02    2.616588E+02   -2.131764E+01
    5.150495E-02    4.342240E+01   -6.532558E+01    1.515871E+00   -8.787492E+01   -7.079871E+01
    5.442568E-02    2.781461E+01   -9.105991E+00    1.193252E+01   -5.558271E+02   -9.316978E+00
    5.749956E-02    1.529853E+00    7.979262E+01   -2.932385E+02    7.163363E+02   -8.387026E+00
    6.073214E-02   -1.865839E+01    1.412028E+02    4.688374E+02    2.464975E+02    5.290847E+01
    6.412884E-02   -1.835166E+01    1.209567E+02   -3.348156E+02   -1.042172E+03   -4.080505E+01
    6.769496E-02    5.780988E+00    2.257193E+01    9.643290E+01    4.535091E+02   -5.489658E+01
    7.143557E-02    4.258163E+01   -8.397336E+01   -1.220015E+02    3.318621E+02    1.556279E+02
    7.535551E-02    7.088925E+01   -1.165914E+02    3.549364E+02   -1.831021E+02   -3.582141E+01
    7.945932E-02    7.031697E+01   -5.697686E+01   -4.515616E+02    4.267621E+02   -3.252069E+01
    8.375113E-02    3.290209E+01    2.648286E+01    1.961208E+02   -1.174691E+03   -1.374359E+02
    8.823466E-02   -3.081209E+01    4.224530E+01    1.110825E+02    4.161315E+02   -1.654022E+02
    9.291311E-02   -9.508025E+01   -2.811289E+01   -1.349565E+02    8.404638E+02    5.014964E+02
    9.778911E-02   -1.304906E+02   -9.996902E+01   -1.090703E+02   -2.309035E+02   -5.625934E+02
    1.028646E-01   -1.180597E+02   -6.505291E+01    1.378860E+02    6.581633E+01    6.546816E+02
    1.081409E-01   -5.877010E+01    8.993241E+01    2.644397E+02   -1.577790E+03    1.272705E+02
    1.136183E-01    2.617005E+01    2.482721E+02   -8.213190E+02    1.297421E+03   -7.202133E+02
    1.192964E-01    1.043332E+02    2.600418E+02    9.039971E+02   -5.889514E+01    1.539263E+03
    1.251739E-01    1.459974E+02    8.472506E+01   -4.406140E+02    9.133228E+02   -1.871483E+03
    1.312481E-01    1.368240E+02   -1.600320E+02   -9.913767E+01   -5.493399E+02    1.679530E+03
    1.375156E-01    8.415637E+01   -2.948592E+02    5.867912E+01   -1.020635E+03   -1.269929E+03
    1.439717E-01    1.450301E+01   -2.306676E+02    3.790705E+02    1.004091E+01    3.020801E+02
    1.506103E-01   -3.727920E+01   -3.708995E+01   -5.336726E+02   -4.446680E+02    9.887565E+01
    1.574244E-01   -4.393786E+01    1.271370E+02   -2.255604E+02    2.838638E+03   -7.720139E+02
    1.644054E-01   -1.312096E+00    1.520337E+02    1.344748E+03   -1.052868E+03    2.473931E+02
    1.715435E-01    6.399633E+01    6.530906E+01   -1.851160E+03    6.587986E+02   -1.248013E+02
    1.788275E-01    1.015005E+02    5.886457E+00    1.075303E+03   -4.182645E+03   -1.182446E+03
    1.862450E-01    6.001799E+01    1.013145E+02    8.297435E+01    2.264562E+03    1.239695E+03
    1.937822E-01   -7.984891E+01    3.324941E+02   -4.869940E+02    1.557575E+02   -1.981488E+03
    2.014240E-01   -2.798986E+02    4.938385E+02   -3.782113E+02    3.665665E+03    3.812276E+02
    2.091543E-01   -4.433020E+02    3.217915E+02    1.000583E+03   -2.204109E+03    5.806567E+02
    2.169556E-01   -4.477927E+02   -2.543041E+02   -6.538619E+01   -2.250495E+03   -3.965881E+03
    2.248095E-01   -2.046447E+02   -9.346060E+02   -2.555642E+03   -1.811736E+02    5.237707E+03
    2.326965E-01    2.828915E+02   -1.164976E+03    4.237252E+03   -1.334765E+03   -7.027566E+03
    2.405966E-01    8.943647E+02   -5.579514E+02   -3.352974E+03    7.475409E+03    5.059178E+03
    2.484887E-01    1.420991E+03    6.894368E+02    3.203775E+02   -3.796194E+03   -1.365452E+03
    2.563514E-01    1.643444E+03    1.798385E+03    7.219225E+02    2.416895E+03   -2.502552E+03
    2.641629E-01    1.426439E+03    1.954034E+03    1.562698E+03   -9.993206E+03    7.320473E+03
    2.719010E-01    7.854905E+02    1.016337E+03   -5.197125E+03    2.907543E+03   -4.873275E+03
    2.795437E-01   -1.087677E+02   -2.196925E+02    3.529561E+03    1.620181E+04    8.724353E+02
    2.870690E-01   -9.955084E+02   -5.226027E+02    2.918768E+03   -1.395255E+04    2.580548E+03
    2.944551E-01   -1.634412E+03    8.433797E+02   -9.043376E+03    1.161153E+03   -7.307831E+03
    3.016807E-01   -1.925369E+03    3.490720E+03    5.255860E+03   -2.883097E+03    2.242776E+03
    3.087251E-01   -2.025806E+03    6.157961E+03   -2.985540E+02   -4.683635E+03    1.063241E+04
    3.155686E-01   -2.578674E+03    7.876523E+03    5.356602E+03    4.336760E+04   -9.599413E+03
    3.221918E-01   -5.754155E+03    1.005560E+04   -3.191213E+04   -3.859509E+04   -2.111549E+04
    3.285758E-01   -2.177647E+04    2.281761E+04    3.832651E+04   -6.319849E+04    2.548893E+04
    3.346922E-01   -1.247804E+05    1.109435E+05   -7.182982E+03    1.477459E+05    6.280373E+04
    3.403171E-01   -1.251910E+06    1.011511E+06   -8.289008E+04    8.349805E+04   -8.409423E+03
    3.350194E-01   -3.385759E+07    2.506210E+07   -2.519356E+05   -5.760720E+05   -3.686135E+05
   -6.188908E+00   -9.624023E+09    6.736116E+09   -2.306409E+07    3.245230E+04   -2.184825E+06
