   1.00000000000000      -1.220522485359783E-008
   2.00000000000000       1.220522485359783E-008
   3.00000000000000       3.661567456079350E-008
   4.00000000000000       7.323134912158700E-008
   5.00000000000000       7.505427848865666E-006
   6.00000000000000       1.220522485359783E-007
   7.00000000000000      -2.996480302727986E-005
   8.00000000000000       1.830783728039675E-007
   9.00000000000000       1.132722274304870E-004
   10.0000000000000       2.563097219255545E-007
   11.0000000000000      -4.218028911042662E-004
   12.0000000000000       3.417462959007393E-007
   13.0000000000000       1.952891312599956E-003
   14.0000000000000       3.017677438124226E-003
   15.0000000000000       4.393880947295219E-007
   16.0000000000000      -8.788157264681977E-003
   17.0000000000000      -1.901774171707719E-002
   18.0000000000000      -2.485301685838168E-002
   19.0000000000000      -2.045868557788622E-002
   20.0000000000000       5.492351184119025E-007
   21.0000000000000       3.998805740661965E-002
   22.0000000000000       9.347949962371749E-002
   23.0000000000000       0.152078609288790     
   24.0000000000000       0.207389119804216     
   25.0000000000000       0.251014764572373     
   26.0000000000000       0.274559276995640     
   27.0000000000000       0.269626390476394     
   28.0000000000000       0.227819838417015     
   29.0000000000000       0.140743354219880     
   30.0000000000000       6.712873669478807E-007
   31.0000000000000      -0.196598230432640     
   32.0000000000000      -0.426418384810237     
   33.0000000000000      -0.660618579170015     
   34.0000000000000      -0.870357600836565     
   35.0000000000000       -1.02679423713448     
   36.0000000000000       -1.10108727538834     
   37.0000000000000       -1.06439550292275     
   38.0000000000000      -0.887877707062299     
   39.0000000000000      -0.542692675131571     
   40.0000000000000       8.055448403374570E-007
   41.0000000000000       0.746408981512440     
   42.0000000000000        1.61219823479712     
   43.0000000000000        2.49039998129486     
   44.0000000000000        3.27404563690164     
   45.0000000000000        3.85616661751346     
   46.0000000000000        4.12979433902630     
   47.0000000000000        3.98796021733614     
   48.0000000000000        3.32369566833897     
   49.0000000000000        2.03003210793078     
   50.0000000000000       9.520075385806310E-007
   51.0000000000000       -2.78903276556065     
   52.0000000000000       -6.02236953900723     
   53.0000000000000       -9.30097624459158     
   54.0000000000000       -12.2258197585730     
   55.0000000000000       -14.3978669572109     
   56.0000000000000       -15.4180847167646     
   57.0000000000000       -14.8874399134935     
   58.0000000000000       -12.4068994236569     
   59.0000000000000       -7.57743012351411     
   60.0000000000000       1.110675461677403E-006
   61.0000000000000        10.4097278968859     
   62.0000000000000        22.4772858300253     
   63.0000000000000        34.7135109992349     
   64.0000000000000        45.6292394936562     
   65.0000000000000        53.7353074024306     
   66.0000000000000        57.5425508146995     
   67.0000000000000        55.5618058196044     
   68.0000000000000        46.3039085062865     
   69.0000000000000        28.2796949638875     
   70.0000000000000       1.281548609627772E-006
   71.0000000000000       -38.8498720464966     
   72.0000000000000       -83.8867669056466     
   73.0000000000000       -129.553060776208     
   74.0000000000000       -170.291131138486     
   75.0000000000000       -200.543355472788     
   76.0000000000000       -214.752111259420     
   77.0000000000000       -207.359775978688     
   78.0000000000000       -172.808727110899     
   79.0000000000000       -105.541342136358     
   80.0000000000000       1.464626982431740E-006
   81.0000000000000        144.989768097149     
   82.0000000000000        313.069789707894     
   83.0000000000000        483.498740128944     
   84.0000000000000        635.535293192385     
   85.0000000000000        748.438122730299     
   86.0000000000000        801.465902574771     
   87.0000000000000        773.877306557884     
   88.0000000000000        644.931008511722     
   89.0000000000000        393.885682268370     
   90.0000000000000       1.659910580089305E-006
   91.0000000000000       -541.109191428258     
   92.0000000000000       -1168.39238289748     
   93.0000000000000       -1804.44189059578     
   94.0000000000000       -2371.85003237119     
   95.0000000000000       -2793.20912607174     
   96.0000000000000       -2991.11148954546     
   97.0000000000000       -2888.14944064038     
   98.0000000000000       -2406.91529720452     
   99.0000000000000       -1470.00137708592     
   100.000000000000       1.867399402600468E-006
   101.000000000000        2047.92699375138     
   102.000000000000        4588.33964043790     
   103.000000000000        7503.22845574278     
   104.000000000000        10674.5839534819     
   105.000000000000        13984.3966474710     
   106.000000000000        17314.6570515261     
   107.000000000000        20547.3556794629     
   108.000000000000        23564.4830450972     
   109.000000000000        26248.0296622450     
   110.000000000000        28479.9860447220     
   111.000000000000        30142.3427063442     
   112.000000000000        31117.0901609273     
   113.000000000000        31286.2189222872     
   114.000000000000        30531.7195042397     
   115.000000000000        28735.5824206007     
   116.000000000000        25779.7981851859     
   117.000000000000        21546.3573118114     
   118.000000000000        15917.2503142928     
   119.000000000000        8774.46770644614     
   120.000000000000       2.087093449965229E-006
   121.000000000000       -10436.6775558336     
   122.000000000000       -22216.1508078260     
   123.000000000000       -34931.5208652652     
   124.000000000000       -48175.8888395266     
   125.000000000000       -61542.3558419853     
   126.000000000000       -74624.0229840164     
   127.000000000000       -87013.9913769953     
   128.000000000000       -98305.3621322971     
   129.000000000000       -108091.236361297     
   130.000000000000       -115964.715175370     
   131.000000000000       -121518.899685892     
   132.000000000000       -124346.891004238     
   133.000000000000       -124041.790241782     
   134.000000000000       -120196.698509901     
   135.000000000000       -112404.716919969     
   136.000000000000       -100258.946583361     
   137.000000000000       -83352.4886114535     
   138.000000000000       -61278.4441156207     
   139.000000000000       -33629.9142072382     
   140.000000000000       2.318992722183588E-006
   141.000000000000        39698.7832421856     
   142.000000000000        84276.2636035366     
   143.000000000000        132222.855018057     
   144.000000000000        182028.971417432     
   145.000000000000        232185.026733346     
   146.000000000000        281181.434897484     
   147.000000000000        327508.609841532     
   148.000000000000        369656.965497174     
   149.000000000000        406116.915796095     
   150.000000000000        435378.874669980     
   151.000000000000        455933.256050515     
   152.000000000000        466270.473869384     
   153.000000000000        464880.942058272     
   154.000000000000        450255.074548864     
   155.000000000000        420883.285272845     
   156.000000000000        375255.988161901     
   157.000000000000        311863.597147715     
   158.000000000000        229196.526161974     
   159.000000000000        125745.189136362     
   160.000000000000       2.563097219255545E-006
   161.000000000000       -148358.455398911     
   162.000000000000       -314888.903592251     
   163.000000000000       -493959.899192822     
   164.000000000000       -679939.996815987     
   165.000000000000       -867197.751077113     
   166.000000000000       -1050101.71659156     
   167.000000000000       -1223020.44797470     
   168.000000000000       -1380322.49984190     
   169.000000000000       -1516376.42680851     
   170.000000000000       -1625550.78348990     
   171.000000000000       -1702214.12450145     
   172.000000000000       -1740735.00445850     
   173.000000000000       -1735481.97797644     
   174.000000000000       -1680823.59967061     
   175.000000000000       -1571128.42415640     
   176.000000000000       -1400765.00604915     
   177.000000000000       -1164101.89996424     
   178.000000000000       -855507.660517033     
   179.000000000000       -469350.842322892     
   180.000000000000       2.819406941181099E-006
   181.000000000000        553735.038368925     
   182.000000000000        1175279.35078101     
   183.000000000000        1843616.74176885     
   184.000000000000        2537731.01586221     
   185.000000000000        3236605.97759087     
   186.000000000000        3919225.43148461     
   187.000000000000        4564573.18207319     
   188.000000000000        5151633.03388640     
   189.000000000000        5659388.79145401     
   190.000000000000        6066824.25930578     
   191.000000000000        6352923.24197149     
   192.000000000000        6496669.54398093     
   193.000000000000        6477046.96986385     
   194.000000000000        6273039.32415004     
   195.000000000000        5863630.41136927     
   196.000000000000        5227804.03605131     
   197.000000000000        4344544.00272594     
   198.000000000000        3192834.11592293     
   199.000000000000        1751658.18017206     
   200.000000000000       3.087921887960252E-006
   201.000000000000       -2069961.70449001     
   202.000000000000       -4413268.55095648     
   203.000000000000       -6971767.24148141     
   204.000000000000       -9687304.47814987     
   205.000000000000       -12501726.9630469     
   206.000000000000       -15356881.3982576     
   207.000000000000       -18194614.4858670     
   208.000000000000       -20956772.9279603     
   209.000000000000       -23585203.4266224     
   210.000000000000       -26021752.6839384     
   211.000000000000       -28208267.4019934     
   212.000000000000       -30086594.2828725     
   213.000000000000       -31598580.0286607     
   214.000000000000       -32686071.3414431     
   215.000000000000       -33290914.9233048     
   216.000000000000       -33354957.4763308     
   217.000000000000       -32820045.7026063     
   218.000000000000       -31628026.3042162     
   219.000000000000       -29720745.9832456     
   220.000000000000       -27040051.4417797     
   221.000000000000       -23527789.3819035     
   222.000000000000       -19125806.5057020     
   223.000000000000       -13775949.5152603     
   224.000000000000       -7420065.11266348     
   225.000000000000       3.368642059593002E-006
   226.000000000000        8497505.76033579     
   227.000000000000        17906138.6646517     
   228.000000000000        28014691.8489497     
   229.000000000000        38611958.4492283     
   230.000000000000        49486731.6014860     
   231.000000000000        60427804.4417214     
   232.000000000000        71223970.1059330     
   233.000000000000        81664021.7301193     
   234.000000000000        91536752.4502789     
   235.000000000000        100630955.402410     
   236.000000000000        108735423.722512     
   237.000000000000        115638950.546583     
   238.000000000000        121130329.010621     
   239.000000000000        124998352.250625     
   240.000000000000        127031813.402593     
   241.000000000000        127019505.602525     
   242.000000000000        124750221.986418     
   243.000000000000        120012755.690271     
   244.000000000000        112595899.850083     
   245.000000000000        102288447.601852     
   246.000000000000        88879192.0815768     
   247.000000000000        72156926.4252558     
   248.000000000000        51910443.7688875     
   249.000000000000        27928537.2484707     
   250.000000000000       3.661567456079350E-006
   251.000000000000       -31920061.3368329     
   252.000000000000       -67211286.1076301     
   253.000000000000       -105087000.154297     
   254.000000000000       -144760529.318743     
   255.000000000000       -185445199.442877     
   256.000000000000       -226354336.368607     
   257.000000000000       -266701265.937844     
   258.000000000000       -305699313.992496     
   259.000000000000       -342561806.374472     
   260.000000000000       -376502068.925682     
   261.000000000000       -406733427.488034     
   262.000000000000       -432469207.903437     
   263.000000000000       -452922736.013801     
   264.000000000000       -467307337.661035     
   265.000000000000       -474836338.687047     
   266.000000000000       -474723064.933747     
   267.000000000000       -466180842.243044     
   268.000000000000       -448422996.456847     
   269.000000000000       -420662853.417065     
   270.000000000000       -382113738.965607     
   271.000000000000       -331988978.944382     
   272.000000000000       -269501899.195299     
   273.000000000000       -193865825.560268     
   274.000000000000       -104294083.881197     
   275.000000000000       3.966698077419296E-006
   276.000000000000        119182739.587018     
   277.000000000000        250939005.765891     
   278.000000000000        392333308.768261     
   279.000000000000        540430158.825766     
   280.000000000000        692294066.170043     
   281.000000000000        844989541.032730     
   282.000000000000        995581093.645466     
   283.000000000000        1141133234.23989     
   284.000000000000        1278710473.04763     
   285.000000000000        1405377320.30034     
   286.000000000000        1518198286.22965     
   287.000000000000        1614237881.06719     
   288.000000000000        1690560615.04461     
   289.000000000000        1744230998.39354     
   290.000000000000        1772313541.34562     
   291.000000000000        1771872754.13249     
   292.000000000000        1739973146.98578     
   293.000000000000        1673679230.13714     
   294.000000000000        1570055513.81820     
   295.000000000000        1426166508.26060     
   296.000000000000        1239076723.69597     
   297.000000000000        1005850670.35597     
   298.000000000000        723552858.472208     
   299.000000000000        389247798.276342     
   300.000000000000       4.284033923612840E-006
   301.000000000000       -445890916.486388     
   302.000000000000       -945184892.757314     
   303.000000000000       -1493406760.74846     
   304.000000000000       -2086081352.39553     
   305.000000000000       -2718733499.63422     
   306.000000000000       -3386888034.40021     
   307.000000000000       -4086069788.62922     
   308.000000000000       -4811803594.25692     
   309.000000000000       -5559614283.21903     
   310.000000000000       -6325026687.45123     
   311.000000000000       -7103565638.88922     
   312.000000000000       -7890755969.46868     
   313.000000000000       -8682122511.12534     
   314.000000000000       -9473190095.79486     
   315.000000000000       -10259483555.4130     
   316.000000000000       -11036527721.9153     
   317.000000000000       -11799847427.2377     
   318.000000000000       -12544967503.3156     
   319.000000000000       -13267412782.0850     
   320.000000000000       -13962708095.4814     
   321.000000000000       -14626378275.4405     
   322.000000000000       -15253948153.8981     
   323.000000000000       -15840942562.7898     
   324.000000000000       -16382886334.0513     
   325.000000000000       -16875304299.6183     
   326.000000000000       -17313721291.4266     
   327.000000000000       -17693662141.4118     
   328.000000000000       -18010651681.5096     
   329.000000000000       -18260214743.6557     
   330.000000000000       -18437876159.7859     
   331.000000000000       -18539160761.8357     
   332.000000000000       -18559593381.7409     
   333.000000000000       -18494698851.4372     
   334.000000000000       -18340002002.8603     
   335.000000000000       -18091027667.9459     
   336.000000000000       -17743300678.6296     
   337.000000000000       -17292345866.8472     
   338.000000000000       -16733688064.5344     
   339.000000000000       -16062852103.6268     
   340.000000000000       -15275362816.0602     
   341.000000000000       -14366745033.7703     
   342.000000000000       -13332523588.6927     
   343.000000000000       -12168223312.7632     
   344.000000000000       -10869369037.9174     
   345.000000000000       -9431485596.09098     
   346.000000000000       -7850097819.21974     
   347.000000000000       -6120730539.23933     
   348.000000000000       -4238908588.08543     
   349.000000000000       -2200156797.69376     
   350.000000000000       4.613574994659981E-006
   351.000000000000        2364217148.40513     
   352.000000000000        4887870692.31082     
   353.000000000000        7564516851.85120     
   354.000000000000        10387711847.1605     
   355.000000000000        13351011898.3728     
   356.000000000000        16447973225.6222     
   357.000000000000        19672152049.0431     
   358.000000000000        23017104588.7694     
   359.000000000000        26476387064.9354     
   360.000000000000        30043555697.6753     
   361.000000000000        33712166707.1231     
   362.000000000000        37475776313.4131     
   363.000000000000        41327940736.6794     
   364.000000000000        45262216197.0561     
   365.000000000000        49272158914.6775     
   366.000000000000        53351325109.6777     
   367.000000000000        57493271002.1908     
   368.000000000000        61691552812.3510     
   369.000000000000        65939726760.2925     
   370.000000000000        70231349066.1495     
   371.000000000000        74559975950.0560     
   372.000000000000        78919163632.1462     
   373.000000000000        83302468332.5544     
   374.000000000000        87703446271.4146     
   375.000000000000        92115653668.8610     
   376.000000000000        96532646745.0279     
   377.000000000000        100947981720.049     
   378.000000000000        105355214814.059     
   379.000000000000        109747902247.192     
   380.000000000000        114119600239.582     
   381.000000000000        118463865011.363     
   382.000000000000        122774252782.670     
   383.000000000000        127044319773.636     
   384.000000000000        131267622204.396     
   385.000000000000        135437716295.083     
   386.000000000000        139548158265.833     
   387.000000000000        143592504336.778     
   388.000000000000        147564310728.054     
   389.000000000000        151457133659.794     
   390.000000000000        155264529352.133     
   391.000000000000        158980054025.205     
   392.000000000000        162597263899.144     
   393.000000000000        166109715194.084     
   394.000000000000        169510964130.159     
   395.000000000000        172794566927.503     
   396.000000000000        175954079806.251     
   397.000000000000        178983058986.537     
   398.000000000000        181875060688.495     
   399.000000000000        184623641132.259     
   400.000000000000        187222356537.963     
   401.000000000000        189666498507.451     
   402.000000000000        191958300169.408     
   403.000000000000        194101730034.226     
   404.000000000000        196100756612.300     
   405.000000000000        197959348414.025     
   406.000000000000        199681473949.792     
   407.000000000000        201271101729.997     
   408.000000000000        202732200265.033     
   409.000000000000        204068738065.295     
   410.000000000000        205284683641.174     
   411.000000000000        206384005503.067     
   412.000000000000        207370672161.366     
   413.000000000000        208248652126.466     
   414.000000000000        209021913908.759     
   415.000000000000        209694426018.641     
   416.000000000000        210270156966.504     
   417.000000000000        210753075262.743     
   418.000000000000        211147149417.752     
   419.000000000000        211456347941.923     
   420.000000000000        211684639345.652     
   421.000000000000        211835992139.332     
   422.000000000000        211914374833.356     
   423.000000000000        211923755938.120     
   424.000000000000        211868103964.015     
   425.000000000000        211751387421.437     
   426.000000000000        211577574820.779     
   427.000000000000        211350634672.435     
   428.000000000000        211074535486.798     
   429.000000000000        210753245774.263     
   430.000000000000        210390734045.224     
   431.000000000000        209990968810.073     
   432.000000000000        209557918579.206     
   433.000000000000        209095551863.016     
   434.000000000000        208607837171.896     
   435.000000000000        208098743016.241     
   436.000000000000        207572237906.444     
   437.000000000000        207032290352.899     
   438.000000000000        206482868866.001     
   439.000000000000        205927941956.142     
   440.000000000000        205371478133.717     
   441.000000000000        204817445909.119     
   442.000000000000        204269813792.743     
   443.000000000000        203732550294.982     
   444.000000000000        203209623926.230     
   445.000000000000        202705003196.880     
   446.000000000000        202222656617.328     
   447.000000000000        201766552697.966     
   448.000000000000        201340659949.188     
   449.000000000000        200948946881.388     
   450.000000000000        200595382004.960     
   451.000000000000        200283095185.373     
   452.000000000000        200011861708.397     
   453.000000000000        199780618214.876     
   454.000000000000        199588301345.655     
   455.000000000000        199433847741.579     
   456.000000000000        199316194043.492     
   457.000000000000        199234276892.240     
   458.000000000000        199187032928.668     
   459.000000000000        199173398793.619     
   460.000000000000        199192311127.939     
   461.000000000000        199242706572.473     
   462.000000000000        199323521768.064     
   463.000000000000        199433693355.559     
   464.000000000000        199572157975.802     
   465.000000000000        199737852269.638     
   466.000000000000        199929712877.911     
   467.000000000000        200146676441.466     
   468.000000000000        200387679601.148     
   469.000000000000        200651658997.802     
   470.000000000000        200937551272.272     
   471.000000000000        201244293065.404     
   472.000000000000        201570821018.042     
   473.000000000000        201916071771.030     
   474.000000000000        202278981965.215     
   475.000000000000        202658488241.440     
   476.000000000000        203053527240.549     
   477.000000000000        203463035603.389     
   478.000000000000        203885949970.804     
   479.000000000000        204321206983.638     
   480.000000000000        204767743282.737     
   481.000000000000        205224495508.944     
   482.000000000000        205690400303.105     
   483.000000000000        206164394306.065     
   484.000000000000        206645414158.669     
   485.000000000000        207132396501.760     
   486.000000000000        207624277976.185     
   487.000000000000        208119995222.787     
   488.000000000000        208618484882.412     
   489.000000000000        209118683595.904     
   490.000000000000        209619528004.108     
   491.000000000000        210119954747.869     
   492.000000000000        210618900468.032     
   493.000000000000        211115301805.441     
   494.000000000000        211608095400.941     
   495.000000000000        212096217895.377     
   496.000000000000        212578605929.594     
   497.000000000000        213054196144.436     
   498.000000000000        213521925180.749     
   499.000000000000        213980729679.377     
   500.000000000000        214429546281.164     
   501.000000000000        214867536341.187     
   502.000000000000        215294760071.441     
   503.000000000000        215711502398.154     
   504.000000000000        216118048247.552     
   505.000000000000        216514682545.864     
   506.000000000000        216901690219.316     
   507.000000000000        217279356194.134     
   508.000000000000        217647965396.547     
   509.000000000000        218007802752.780     
   510.000000000000        218359153189.062     
   511.000000000000        218702301631.619     
   512.000000000000        219037533006.679     
   513.000000000000        219365132240.468     
   514.000000000000        219685384259.213     
   515.000000000000        219998573989.142     
   516.000000000000        220304986356.481     
   517.000000000000        220604906287.459     
   518.000000000000        220898618708.300     
   519.000000000000        221186408545.234     
   520.000000000000        221468560724.487     
   521.000000000000        221745360172.285     
   522.000000000000        222017091814.856     
   523.000000000000        222284040578.428     
   524.000000000000        222546491389.226     
   525.000000000000        222804729173.479     
   526.000000000000        223059038857.413     
   527.000000000000        223309705367.256     
   528.000000000000        223557013629.233     
   529.000000000000        223801248569.573     
   530.000000000000        224042695114.503     
   531.000000000000        224281638190.249     
   532.000000000000        224518362723.039     
   533.000000000000        224753153639.100     
   534.000000000000        224986295864.658     
   535.000000000000        225218074325.941     
   536.000000000000        225448773949.177     
   537.000000000000        225678679660.591     
   538.000000000000        225908076386.411     
   539.000000000000        226137249052.864     
   540.000000000000        226366482586.177     
   541.000000000000        226596061912.578     
   542.000000000000        226826271958.293     
   543.000000000000        227057397649.549     
   544.000000000000        227289723912.574     
   545.000000000000        227523535673.594     
   546.000000000000        227759117858.837     
   547.000000000000        227996755394.529     
   548.000000000000        228236733206.898     
   549.000000000000        228479336222.171     
   550.000000000000        228724849366.575     
   551.000000000000        228973497354.340     
   552.000000000000        229225264051.710     
   553.000000000000        229480073112.931     
   554.000000000000        229737848192.252     
   555.000000000000        229998512943.918     
   556.000000000000        230261991022.177     
   557.000000000000        230528206081.275     
   558.000000000000        230797081775.460     
   559.000000000000        231068541758.979     
   560.000000000000        231342509686.078     
   561.000000000000        231618909211.005     
   562.000000000000        231897663988.006     
   563.000000000000        232178697671.328     
   564.000000000000        232461933915.219     
   565.000000000000        232747296373.925     
   566.000000000000        233034708701.694     
   567.000000000000        233324094552.772     
   568.000000000000        233615377581.406     
   569.000000000000        233908481441.843     
   570.000000000000        234203329788.330     
   571.000000000000        234499846275.115     
   572.000000000000        234797954556.443     
   573.000000000000        235097578286.563     
   574.000000000000        235398641119.721     
   575.000000000000        235701066710.163     
   576.000000000000        236004778712.137     
   577.000000000000        236309700779.891     
   578.000000000000        236615756567.670     
   579.000000000000        236922869729.722     
   580.000000000000        237230963920.293     
   581.000000000000        237539962793.632     
   582.000000000000        237849790003.984     
   583.000000000000        238160369205.596     
   584.000000000000        238471624052.717     
   585.000000000000        238783478199.591     
   586.000000000000        239095855300.468     
   587.000000000000        239408679009.592     
   588.000000000000        239721872981.213     
   589.000000000000        240035360869.575     
   590.000000000000        240349066328.927     
   591.000000000000        240662913013.516     
   592.000000000000        240976824577.587     
   593.000000000000        241290724675.389     
   594.000000000000        241604536961.168     
   595.000000000000        241918185089.171     
   596.000000000000        242231592713.645     
   597.000000000000        242544683488.838     
   598.000000000000        242857381068.995     
   599.000000000000        243169609108.365     
   600.000000000000        243481291261.193     
   601.000000000000        243792367315.483     
   602.000000000000        244102841594.265     
   603.000000000000        244412734554.323     
   604.000000000000        244722066652.442     
   605.000000000000        245030858345.407     
   606.000000000000        245339130090.004     
   607.000000000000        245646902343.017     
   608.000000000000        245954195561.231     
   609.000000000000        246261030201.433     
   610.000000000000        246567426720.406     
   611.000000000000        246873405574.936     
   612.000000000000        247178987221.808     
   613.000000000000        247484192117.806     
   614.000000000000        247789040719.717     
   615.000000000000        248093553484.326     
   616.000000000000        248397750868.416     
   617.000000000000        248701653328.774     
   618.000000000000        249005281322.184     
   619.000000000000        249308655305.432     
   620.000000000000        249611795735.303     
   621.000000000000        249914723068.581     
   622.000000000000        250217457762.052     
   623.000000000000        250520020272.502     
   624.000000000000        250822431056.714     
   625.000000000000        251124710571.474     
   626.000000000000        251426879273.568     
   627.000000000000        251728957619.779     
   628.000000000000        252030966066.895     
   629.000000000000        252332925071.698     
   630.000000000000        252634855090.976     
   631.000000000000        252936776581.512     
   632.000000000000        253238710000.092     
   633.000000000000        253540675803.500     
   634.000000000000        253842694448.523     
   635.000000000000        254144786391.945     
   636.000000000000        254446972090.550     
   637.000000000000        254749272001.125     
   638.000000000000        255051706580.455     
   639.000000000000        255354296285.323     
   640.000000000000        255657061572.517     
   641.000000000000        255960022898.820     
   642.000000000000        256263200721.017     
   643.000000000000        256566615495.894     
   644.000000000000        256870287680.237     
   645.000000000000        257174237730.829     
   646.000000000000        257478486104.456     
   647.000000000000        257783053257.903     
   648.000000000000        258087959647.956     
   649.000000000000        258393225731.399     
   650.000000000000        258698871965.017     
   651.000000000000        259004914482.568     
   652.000000000000        259311352125.691     
   653.000000000000        259618179413.000     
   654.000000000000        259925390863.108     
   655.000000000000        260232980994.627     
   656.000000000000        260540944326.170     
   657.000000000000        260849275376.349     
   658.000000000000        261157968663.777     
   659.000000000000        261467018707.068     
   660.000000000000        261776420024.833     
   661.000000000000        262086167135.685     
   662.000000000000        262396254558.237     
   663.000000000000        262706676811.102     
   664.000000000000        263017428412.892     
   665.000000000000        263328503882.220     
   666.000000000000        263639897737.699     
   667.000000000000        263951604497.940     
   668.000000000000        264263618681.558     
   669.000000000000        264575934807.164     
   670.000000000000        264888547393.372     
   671.000000000000        265201450958.794     
   672.000000000000        265514640022.042     
   673.000000000000        265828109101.729     
   674.000000000000        266141852716.469     
   675.000000000000        266455865384.873     
   676.000000000000        266770141625.554     
   677.000000000000        267084675957.126     
   678.000000000000        267399462898.200     
   679.000000000000        267714496967.389     
   680.000000000000        268029772683.307     
   681.000000000000        268345284564.565     
   682.000000000000        268661027129.776     
   683.000000000000        268976994897.553     
   684.000000000000        269293182386.509     
   685.000000000000        269609584115.257     
   686.000000000000        269926194602.408     
   687.000000000000        270243008366.577     
   688.000000000000        270560019926.374     
   689.000000000000        270877223800.414     
   690.000000000000        271194614507.308     
   691.000000000000        271512186565.670     
   692.000000000000        271829934494.112     
   693.000000000000        272147852811.246     
   694.000000000000        272465936035.686     
   695.000000000000        272784178686.044     
   696.000000000000        273102575280.933     
   697.000000000000        273421120338.965     
   698.000000000000        273739808378.753     
   699.000000000000        274058633918.910     
   700.000000000000        274377591478.049     
   701.000000000000        274696676733.140     
   702.000000000000        275015889994.589     
   703.000000000000        275335232731.161     
   704.000000000000        275654706411.620     
   705.000000000000        275974312504.730     
   706.000000000000        276294052479.255     
   707.000000000000        276613927803.959     
   708.000000000000        276933939947.608     
   709.000000000000        277254090378.964     
   710.000000000000        277574380566.792     
   711.000000000000        277894811979.856     
   712.000000000000        278215386086.921     
   713.000000000000        278536104356.751     
   714.000000000000        278856968258.109     
   715.000000000000        279177979259.761     
   716.000000000000        279499138830.470     
   717.000000000000        279820448439.001     
   718.000000000000        280141909554.118     
   719.000000000000        280463523644.585     
   720.000000000000        280785292179.166     
   721.000000000000        281107216626.626     
   722.000000000000        281429298455.728     
   723.000000000000        281751539135.238     
   724.000000000000        282073940133.918     
   725.000000000000        282396502920.534     
   726.000000000000        282719228963.850     
   727.000000000000        283042119732.629     
   728.000000000000        283365176695.637     
   729.000000000000        283688401321.637     
   730.000000000000        284011795079.393     
   731.000000000000        284335359437.670     
   732.000000000000        284659095865.232     
   733.000000000000        284983005830.843     
   734.000000000000        285307090803.268     
   735.000000000000        285631352251.270     
   736.000000000000        285955791643.614     
   737.000000000000        286280410449.064     
   738.000000000000        286605210136.385     
   739.000000000000        286930192174.339     
   740.000000000000        287255358031.693     
   741.000000000000        287580709177.209     
   742.000000000000        287906247079.653     
   743.000000000000        288231973207.788     
   744.000000000000        288557889030.379     
   745.000000000000        288883996016.189     
   746.000000000000        289210295633.984     
   747.000000000000        289536789352.527     
   748.000000000000        289863478640.582     
   749.000000000000        290190364966.914     
   750.000000000000        290517449800.287     
   751.000000000000        290844734299.059     
   752.000000000000        291172218379.967     
   753.000000000000        291499901649.341     
   754.000000000000        291827783713.512     
   755.000000000000        292155864178.809     
   756.000000000000        292484142651.564     
   757.000000000000        292812618738.107     
   758.000000000000        293141292044.768     
   759.000000000000        293470162177.878     
   760.000000000000        293799228743.766     
   761.000000000000        294128491348.765     
   762.000000000000        294457949599.203     
   763.000000000000        294787603101.412     
   764.000000000000        295117451461.722     
   765.000000000000        295447494286.463     
   766.000000000000        295777731181.966     
   767.000000000000        296108161754.562     
   768.000000000000        296438785610.580     
   769.000000000000        296769602356.351     
   770.000000000000        297100611598.206     
   771.000000000000        297431812942.474     
   772.000000000000        297763205995.488     
   773.000000000000        298094790363.576     
   774.000000000000        298426565653.070     
   775.000000000000        298758531470.299     
   776.000000000000        299090687421.595     
   777.000000000000        299423033113.287     
   778.000000000000        299755568151.707     
   779.000000000000        300088292143.184     
   780.000000000000        300421204694.050     
   781.000000000000        300754305410.633     
   782.000000000000        301087593899.266     
   783.000000000000        301421069766.278     
   784.000000000000        301754732618.000     
   785.000000000000        302088582060.762     
   786.000000000000        302422617700.895     
   787.000000000000        302756839144.729     
   788.000000000000        303091245998.595     
   789.000000000000        303425837868.823     
   790.000000000000        303760614361.743     
   791.000000000000        304095575083.687     
   792.000000000000        304430719640.983     
   793.000000000000        304766047639.964     
   794.000000000000        305101558686.958     
   795.000000000000        305437252388.298     
   796.000000000000        305773128350.313     
   797.000000000000        306109186179.333     
   798.000000000000        306445425481.689     
   799.000000000000        306781845863.712     
   800.000000000000        307118446931.732     
   801.000000000000        307455228375.343     
   802.000000000000        307792190217.195     
   803.000000000000        308129332563.203     
   804.000000000000        308466655519.281     
   805.000000000000        308804159191.341     
   806.000000000000        309141843685.300     
   807.000000000000        309479709107.069     
   808.000000000000        309817755562.564     
   809.000000000000        310155983157.698     
   810.000000000000        310494391998.386     
   811.000000000000        310832982190.541     
   812.000000000000        311171753840.077     
   813.000000000000        311510707052.909     
   814.000000000000        311849841934.951     
   815.000000000000        312189158592.115     
   816.000000000000        312528657130.317     
   817.000000000000        312868337655.471     
   818.000000000000        313208200273.489     
   819.000000000000        313548245090.287     
   820.000000000000        313888472211.779     
   821.000000000000        314228881743.878     
   822.000000000000        314569473792.498     
   823.000000000000        314910248463.554     
   824.000000000000        315251205862.959     
   825.000000000000        315592346096.627     
   826.000000000000        315933669270.473     
   827.000000000000        316275175490.410     
   828.000000000000        316616864862.353     
   829.000000000000        316958737492.215     
   830.000000000000        317300793485.910     
   831.000000000000        317643032949.353     
   832.000000000000        317985455988.457     
   833.000000000000        318328062709.136     
   834.000000000000        318670853217.305     
   835.000000000000        319013827618.877     
   836.000000000000        319356986019.767     
   837.000000000000        319700328525.888     
   838.000000000000        320043855243.154     
   839.000000000000        320387566277.480     
   840.000000000000        320731461734.779     
   841.000000000000        321075541720.965     
   842.000000000000        321419806341.953     
   843.000000000000        321764255703.656     
   844.000000000000        322108889911.988     
   845.000000000000        322453709072.864     
   846.000000000000        322798713292.197     
   847.000000000000        323143902675.902     
   848.000000000000        323489277329.892     
   849.000000000000        323834837360.081     
   850.000000000000        324180582872.384     
   851.000000000000        324526513950.064     
   852.000000000000        324872630585.784     
   853.000000000000        325218932749.560     
   854.000000000000        325565420411.403     
   855.000000000000        325912093541.328     
   856.000000000000        326258952109.348     
   857.000000000000        326605996085.477     
   858.000000000000        326953225439.728     
   859.000000000000        327300640142.115     
   860.000000000000        327648240162.651     
   861.000000000000        327996025471.350     
   862.000000000000        328343996038.226     
   863.000000000000        328692151833.291     
   864.000000000000        329040492826.561     
   865.000000000000        329389018988.047     
   866.000000000000        329737730287.764     
   867.000000000000        330086626695.726     
   868.000000000000        330435708181.945     
   869.000000000000        330784974716.436     
   870.000000000000        331134426269.212     
   871.000000000000        331484062810.286     
   872.000000000000        331833884309.672     
   873.000000000000        332183890737.384     
   874.000000000000        332534082063.436     
   875.000000000000        332884458257.840     
   876.000000000000        333235019290.610     
   877.000000000000        333585765131.760     
   878.000000000000        333936695751.303     
   879.000000000000        334287811119.254     
   880.000000000000        334639111205.625     
   881.000000000000        334990595980.430     
   882.000000000000        335342265413.683     
   883.000000000000        335694119475.397     
   884.000000000000        336046158135.586     
   885.000000000000        336398381364.263     
   886.000000000000        336750789131.443     
   887.000000000000        337103381407.137     
   888.000000000000        337456158161.361     
   889.000000000000        337809119364.127     
   890.000000000000        338162264985.449     
   891.000000000000        338515594995.341     
   892.000000000000        338869109363.816     
   893.000000000000        339222808060.888     
   894.000000000000        339576691056.571     
   895.000000000000        339930758320.877     
   896.000000000000        340285009823.821     
   897.000000000000        340639445535.416     
   898.000000000000        340994065425.675     
   899.000000000000        341348869464.613     
   900.000000000000        341703857622.242     
   901.000000000000        342059029875.913     
   902.000000000000        342414386232.321     
   903.000000000000        342769926705.498     
   904.000000000000        343125651309.475     
   905.000000000000        343481560058.285     
   906.000000000000        343837652965.959     
   907.000000000000        344193930046.529     
   908.000000000000        344550391314.026     
   909.000000000000        344907036782.483     
   910.000000000000        345263866465.931     
   911.000000000000        345620880378.402     
   912.000000000000        345978078533.927     
   913.000000000000        346335460946.539     
   914.000000000000        346693027630.270     
   915.000000000000        347050778599.150     
   916.000000000000        347408713867.212     
   917.000000000000        347766833448.488     
   918.000000000000        348125137357.009     
   919.000000000000        348483625606.807     
   920.000000000000        348842298211.914     
   921.000000000000        349201155186.362     
   922.000000000000        349560196544.182     
   923.000000000000        349919422299.406     
   924.000000000000        350278832466.066     
   925.000000000000        350638427058.194     
   926.000000000000        350998206089.821     
   927.000000000000        351358169574.979     
   928.000000000000        351718317527.701     
   929.000000000000        352078649962.017     
   930.000000000000        352439166891.960     
   931.000000000000        352799868331.561     
   932.000000000000        353160754294.852     
   933.000000000000        353521824795.865     
   934.000000000000        353883079848.631     
   935.000000000000        354244519467.183     
   936.000000000000        354606143665.552     
   937.000000000000        354967952457.770     
   938.000000000000        355329945857.869     
   939.000000000000        355692123879.880     
   940.000000000000        356054486537.835     
   941.000000000000        356417033845.766     
   942.000000000000        356779765817.705     
   943.000000000000        357142682467.684     
   944.000000000000        357505783809.734     
   945.000000000000        357869069857.886     
   946.000000000000        358232540626.174     
   947.000000000000        358596196128.628     
   948.000000000000        358960036379.281     
   949.000000000000        359324061392.163     
   950.000000000000        359688271181.308     
   951.000000000000        360052665754.050     
   952.000000000000        360417245090.946     
   953.000000000000        360782009165.854     
   954.000000000000        361146957952.634     
   955.000000000000        361512091425.145     
   956.000000000000        361877409557.247     
   957.000000000000        362242912322.798     
   958.000000000000        362608599695.659     
   959.000000000000        362974471649.688     
   960.000000000000        363340528158.745     
   961.000000000000        363706769196.690     
   962.000000000000        364073194737.381     
   963.000000000000        364439804754.679     
   964.000000000000        364806599222.442     
   965.000000000000        365173578114.530     
   966.000000000000        365540741404.802     
   967.000000000000        365908089067.117     
   968.000000000000        366275621075.336     
   969.000000000000        366643337403.317     
   970.000000000000        367011238024.920     
   971.000000000000        367379322914.003     
   972.000000000000        367747592044.428     
   973.000000000000        368116045390.052     
   974.000000000000        368484682924.735     
   975.000000000000        368853504622.337     
   976.000000000000        369222510456.716     
   977.000000000000        369591700401.733     
   978.000000000000        369961074431.247     
   979.000000000000        370330632519.117     
   980.000000000000        370700374639.202     
   981.000000000000        371070300765.362     
   982.000000000000        371440410871.456     
   983.000000000000        371810704931.344     
   984.000000000000        372181182918.885     
   985.000000000000        372551844807.938     
   986.000000000000        372922690572.362     
   987.000000000000        373293720186.018     
   988.000000000000        373664933622.764     
   989.000000000000        374036330856.460     
   990.000000000000        374407911860.965     
   991.000000000000        374779676610.138     
   992.000000000000        375151625077.840     
   993.000000000000        375523757237.928     
   994.000000000000        375896073064.264     
   995.000000000000        376268572530.705     
   996.000000000000        376641255611.112     
   997.000000000000        377014122279.343     
   998.000000000000        377387172509.259     
   999.000000000000        377760406274.718     
   1000.00000000000        378133823549.580     
   1001.00000000000        378507424327.149     
   1002.00000000000        378881208678.512     
   1003.00000000000        379255176694.198     
   1004.00000000000        379629328464.738     
   1005.00000000000        380003664080.664     
   1006.00000000000        380378183632.506     
   1007.00000000000        380752887210.794     
   1008.00000000000        381127774906.060     
   1009.00000000000        381502846808.834     
   1010.00000000000        381878103009.647     
   1011.00000000000        382253543599.030     
   1012.00000000000        382629168667.513     
   1013.00000000000        383004978305.628     
   1014.00000000000        383380972603.904     
   1015.00000000000        383757151652.873     
   1016.00000000000        384133515543.065     
   1017.00000000000        384510064365.012     
   1018.00000000000        384886798209.243     
   1019.00000000000        385263717166.291     
   1020.00000000000        385640821326.684     
   1021.00000000000        386018110780.955     
   1022.00000000000        386395585619.633     
   1023.00000000000        386773245933.250     
   1024.00000000000        387151091812.337     
   1025.00000000000        387529123347.424     
   1026.00000000000        387907340629.041     
   1027.00000000000        388285743747.720     
   1028.00000000000        388664332793.992     
   1029.00000000000        389043107858.386     
   1030.00000000000        389422069031.435     
   1031.00000000000        389801216403.668     
   1032.00000000000        390180550065.616     
   1033.00000000000        390560070107.811     
   1034.00000000000        390939776620.782     
   1035.00000000000        391319669695.061     
   1036.00000000000        391699749421.178     
   1037.00000000000        392080015889.664     
   1038.00000000000        392460469191.050     
   1039.00000000000        392841109415.867     
   1040.00000000000        393221936654.645     
   1041.00000000000        393602950997.915     
   1042.00000000000        393984152536.207     
   1043.00000000000        394365541360.054     
   1044.00000000000        394747117559.984     
   1045.00000000000        395128881226.530     
   1046.00000000000        395510832450.221     
   1047.00000000000        395892971321.589     
   1048.00000000000        396275297931.164     
   1049.00000000000        396657812369.477     
   1050.00000000000        397040514727.059     
   1051.00000000000        397423405023.355     
   1052.00000000000        397806482993.468     
   1053.00000000000        398189748301.415     
   1054.00000000000        398573200611.215     
   1055.00000000000        398956839586.886     
   1056.00000000000        399340664892.444     
   1057.00000000000        399724676191.907     
   1058.00000000000        400108873149.293     
   1059.00000000000        400493255428.620     
   1060.00000000000        400877822693.906     
   1061.00000000000        401262574609.167     
   1062.00000000000        401647510838.422     
   1063.00000000000        402032631045.688     
   1064.00000000000        402417934894.984     
   1065.00000000000        402803422050.325     
   1066.00000000000        403189092175.731     
   1067.00000000000        403574944935.219     
   1068.00000000000        403960979992.806     
   1069.00000000000        404347197012.511     
   1070.00000000000        404733595658.350     
   1071.00000000000        405120175594.342     
   1072.00000000000        405506936484.504     
   1073.00000000000        405893877992.853     
   1074.00000000000        406280999783.408     
   1075.00000000000        406668301520.186     
   1076.00000000000        407055782867.205     
   1077.00000000000        407443443488.482     
   1078.00000000000        407831283048.035     
   1079.00000000000        408219301209.881     
   1080.00000000000        408607497638.039     
   1081.00000000000        408995871996.526     
   1082.00000000000        409384423949.360     
   1083.00000000000        409773153160.557     
   1084.00000000000        410162059294.137     
   1085.00000000000        410551142014.116     
   1086.00000000000        410940400984.512     
   1087.00000000000        411329835869.343     
   1088.00000000000        411719446332.626     
   1089.00000000000        412109232038.380     
   1090.00000000000        412499192650.621     
   1091.00000000000        412889327833.368     
   1092.00000000000        413279637250.638     
   1093.00000000000        413670120566.449     
   1094.00000000000        414060777444.818     
   1095.00000000000        414451607549.762     
   1096.00000000000        414842610545.301     
   1097.00000000000        415233786095.451     
   1098.00000000000        415625133864.230     
   1099.00000000000        416016653515.655     
   1100.00000000000        416408344713.745     
   1101.00000000000        416800207387.413     
   1102.00000000000        417192242525.162     
   1103.00000000000        417584451380.390     
   1104.00000000000        417976835206.496     
   1105.00000000000        418369395256.878     
   1106.00000000000        418762132784.936     
   1107.00000000000        419155049044.068     
   1108.00000000000        419548145287.672     
   1109.00000000000        419941422769.147     
   1110.00000000000        420334882741.892     
   1111.00000000000        420728526459.306     
   1112.00000000000        421122355174.787     
   1113.00000000000        421516370141.734     
   1114.00000000000        421910572613.545     
   1115.00000000000        422304963843.619     
   1116.00000000000        422699545085.356     
   1117.00000000000        423094317592.152     
   1118.00000000000        423489282617.408     
   1119.00000000000        423884441414.522     
   1120.00000000000        424279795236.892     
   1121.00000000000        424675345337.918     
   1122.00000000000        425071092970.997     
   1123.00000000000        425467039389.529     
   1124.00000000000        425863185846.911     
   1125.00000000000        426259533596.544     
   1126.00000000000        426656083891.825     
   1127.00000000000        427052837986.153     
   1128.00000000000        427449797132.927     
   1129.00000000000        427846962585.546     
   1130.00000000000        428244335597.407     
   1131.00000000000        428641917421.911     
   1132.00000000000        429039709312.455     
   1133.00000000000        429437712522.438     
   1134.00000000000        429835928305.258     
   1135.00000000000        430234357914.316     
   1136.00000000000        430633002603.008     
   1137.00000000000        431031863624.734     
   1138.00000000000        431430942232.893     
   1139.00000000000        431830239680.882     
   1140.00000000000        432229757222.101     
   1141.00000000000        432629496109.949     
   1142.00000000000        433029457597.824     
   1143.00000000000        433429642939.125     
   1144.00000000000        433830053387.250     
   1145.00000000000        434230690195.598     
   1146.00000000000        434631554617.567     
   1147.00000000000        435032647906.558     
   1148.00000000000        435433971315.967     
   1149.00000000000        435835526099.194     
   1150.00000000000        436237313509.637     
   1151.00000000000        436639333812.194     
   1152.00000000000        437041583317.753     
   1153.00000000000        437444057348.703     
   1154.00000000000        437846751227.431     
   1155.00000000000        438249660276.325     
   1156.00000000000        438652779817.772     
   1157.00000000000        439056105174.161     
   1158.00000000000        439459631667.878     
   1159.00000000000        439863354621.312     
   1160.00000000000        440267269356.851     
   1161.00000000000        440671371196.881     
   1162.00000000000        441075655463.792     
   1163.00000000000        441480117479.969     
   1164.00000000000        441884752567.802     
   1165.00000000000        442289556049.678     
   1166.00000000000        442694523247.984     
   1167.00000000000        443099649485.109     
   1168.00000000000        443504930083.439     
   1169.00000000000        443910360365.363     
   1170.00000000000        444315935653.269     
   1171.00000000000        444721651269.543     
   1172.00000000000        445127502536.574     
   1173.00000000000        445533484776.750     
   1174.00000000000        445939593312.457     
   1175.00000000000        446345823466.085     
   1176.00000000000        446752170560.020     
   1177.00000000000        447158629916.650     
   1178.00000000000        447565196858.364     
   1179.00000000000        447971866707.547     
   1180.00000000000        448378634786.589     
   1181.00000000000        448785496417.878     
   1182.00000000000        449192446923.800     
   1183.00000000000        449599481626.743     
   1184.00000000000        450006595849.095     
   1185.00000000000        450413784913.245     
   1186.00000000000        450821044141.578     
   1187.00000000000        451228368856.484     
   1188.00000000000        451635754380.350     
   1189.00000000000        452043196035.564     
   1190.00000000000        452450689144.513     
   1191.00000000000        452858229029.584     
   1192.00000000000        453265811013.167     
   1193.00000000000        453673430417.648     
   1194.00000000000        454081082565.415     
   1195.00000000000        454488762778.856     
   1196.00000000000        454896466380.358     
   1197.00000000000        455304188692.310     
   1198.00000000000        455711925037.098     
   1199.00000000000        456119670737.111     
   1200.00000000000        456527421114.737     
