    0.000000E+00    0.000000E+00    0.000000E+00    0.000000E+00    0.000000E+00    0.000000E+00
    0.000000E+00    0.000000E+00    0.000000E+00    0.000000E+00    0.000000E+00    0.000000E+00
    0.000000E+00    0.000000E+00    0.000000E+00    0.000000E+00    0.000000E+00    0.000000E+00
    0.000000E+00    0.000000E+00    0.000000E+00    0.000000E+00    0.000000E+00    0.000000E+00
    0.000000E+00    0.000000E+00    0.000000E+00    0.000000E+00    0.000000E+00    0.000000E+00
    0.000000E+00    0.000000E+00    0.000000E+00    0.000000E+00    0.000000E+00    0.000000E+00
    0.000000E+00    0.000000E+00    0.000000E+00    0.000000E+00    0.000000E+00    0.000000E+00
    0.000000E+00    0.000000E+00    0.000000E+00    0.000000E+00    0.000000E+00    0.000000E+00
    0.000000E+00    0.000000E+00    0.000000E+00    0.000000E+00    0.000000E+00    0.000000E+00
    0.000000E+00    0.000000E+00    0.000000E+00    0.000000E+00    0.000000E+00    0.000000E+00
    0.000000E+00    0.000000E+00    0.000000E+00    0.000000E+00    0.000000E+00    0.000000E+00
    0.000000E+00    0.000000E+00    0.000000E+00    0.000000E+00    0.000000E+00    0.000000E+00
    0.000000E+00    0.000000E+00    0.000000E+00    0.000000E+00    0.000000E+00    0.000000E+00
    0.000000E+00    0.000000E+00    0.000000E+00    0.000000E+00    0.000000E+00    0.000000E+00
    0.000000E+00    0.000000E+00    0.000000E+00    0.000000E+00    0.000000E+00    0.000000E+00
    0.000000E+00    0.000000E+00    0.000000E+00    0.000000E+00    0.000000E+00    0.000000E+00
    0.000000E+00    0.000000E+00    0.000000E+00    0.000000E+00    0.000000E+00    0.000000E+00
    0.000000E+00    0.000000E+00    0.000000E+00    0.000000E+00    0.000000E+00    0.000000E+00
    0.000000E+00    0.000000E+00    0.000000E+00    0.000000E+00    0.000000E+00    0.000000E+00
    0.000000E+00    0.000000E+00    0.000000E+00    0.000000E+00    0.000000E+00    0.000000E+00
    0.000000E+00    0.000000E+00    0.000000E+00    0.000000E+00    0.000000E+00    0.000000E+00
    0.000000E+00    0.000000E+00    0.000000E+00    0.000000E+00    0.000000E+00    0.000000E+00
    0.000000E+00    0.000000E+00    0.000000E+00    0.000000E+00    0.000000E+00    0.000000E+00
    0.000000E+00    0.000000E+00    0.000000E+00    0.000000E+00    0.000000E+00    0.000000E+00
    0.000000E+00    0.000000E+00    0.000000E+00    0.000000E+00    0.000000E+00    0.000000E+00
    0.000000E+00    0.000000E+00    0.000000E+00    0.000000E+00    0.000000E+00    0.000000E+00
    0.000000E+00    0.000000E+00    0.000000E+00    0.000000E+00    0.000000E+00    0.000000E+00
    0.000000E+00    0.000000E+00    0.000000E+00    0.000000E+00    0.000000E+00    0.000000E+00
    0.000000E+00    0.000000E+00    0.000000E+00    0.000000E+00    0.000000E+00    0.000000E+00
    0.000000E+00    0.000000E+00    0.000000E+00    0.000000E+00    0.000000E+00    0.000000E+00
    0.000000E+00    0.000000E+00    0.000000E+00    0.000000E+00    0.000000E+00    0.000000E+00
    0.000000E+00    0.000000E+00    0.000000E+00    0.000000E+00    0.000000E+00    0.000000E+00
    0.000000E+00    0.000000E+00    0.000000E+00    0.000000E+00    0.000000E+00    0.000000E+00
    0.000000E+00    0.000000E+00    0.000000E+00    0.000000E+00    0.000000E+00    0.000000E+00
    0.000000E+00    0.000000E+00    0.000000E+00    0.000000E+00    0.000000E+00    0.000000E+00
    0.000000E+00    0.000000E+00    0.000000E+00    0.000000E+00    0.000000E+00    0.000000E+00
    0.000000E+00    0.000000E+00    0.000000E+00    0.000000E+00    0.000000E+00    0.000000E+00
    0.000000E+00    0.000000E+00    0.000000E+00    0.000000E+00    0.000000E+00    0.000000E+00
    0.000000E+00    0.000000E+00    0.000000E+00    0.000000E+00    0.000000E+00    0.000000E+00
    0.000000E+00    0.000000E+00    0.000000E+00    0.000000E+00    0.000000E+00    0.000000E+00
    0.000000E+00    0.000000E+00    0.000000E+00    0.000000E+00    0.000000E+00    0.000000E+00
    0.000000E+00    0.000000E+00    0.000000E+00    0.000000E+00    0.000000E+00    0.000000E+00
    0.000000E+00    0.000000E+00    0.000000E+00    0.000000E+00    0.000000E+00    0.000000E+00
    0.000000E+00    0.000000E+00    0.000000E+00    0.000000E+00    0.000000E+00    0.000000E+00
    0.000000E+00    0.000000E+00    0.000000E+00    0.000000E+00    0.000000E+00    0.000000E+00
    0.000000E+00    0.000000E+00    0.000000E+00    0.000000E+00    0.000000E+00    0.000000E+00
    0.000000E+00    0.000000E+00    0.000000E+00    0.000000E+00    0.000000E+00    0.000000E+00
    0.000000E+00    0.000000E+00    0.000000E+00    0.000000E+00    0.000000E+00    0.000000E+00
    0.000000E+00    0.000000E+00    0.000000E+00    0.000000E+00    0.000000E+00    0.000000E+00
    0.000000E+00    0.000000E+00    0.000000E+00    0.000000E+00    0.000000E+00    0.000000E+00
    0.000000E+00    0.000000E+00    0.000000E+00    0.000000E+00    0.000000E+00    0.000000E+00
    0.000000E+00    0.000000E+00    0.000000E+00    0.000000E+00    0.000000E+00    0.000000E+00
    0.000000E+00    0.000000E+00    0.000000E+00    0.000000E+00    0.000000E+00    0.000000E+00
    0.000000E+00    0.000000E+00    0.000000E+00    0.000000E+00    0.000000E+00    0.000000E+00
    0.000000E+00    0.000000E+00    0.000000E+00    0.000000E+00    0.000000E+00    0.000000E+00
    0.000000E+00    0.000000E+00    0.000000E+00    0.000000E+00    0.000000E+00    0.000000E+00
    0.000000E+00    0.000000E+00    0.000000E+00    0.000000E+00    0.000000E+00    0.000000E+00
    0.000000E+00    0.000000E+00    0.000000E+00    0.000000E+00    0.000000E+00    0.000000E+00
    0.000000E+00    0.000000E+00    0.000000E+00    0.000000E+00    0.000000E+00    0.000000E+00
    0.000000E+00    0.000000E+00    0.000000E+00    0.000000E+00    0.000000E+00    0.000000E+00
    0.000000E+00    0.000000E+00    0.000000E+00    0.000000E+00    0.000000E+00    0.000000E+00
    0.000000E+00    0.000000E+00    0.000000E+00    0.000000E+00    0.000000E+00    0.000000E+00
    0.000000E+00    0.000000E+00    0.000000E+00    0.000000E+00    0.000000E+00    0.000000E+00
    0.000000E+00    0.000000E+00    0.000000E+00    0.000000E+00    0.000000E+00    0.000000E+00
    0.000000E+00    0.000000E+00    0.000000E+00    0.000000E+00    0.000000E+00    0.000000E+00
    0.000000E+00    0.000000E+00    0.000000E+00    0.000000E+00    0.000000E+00    0.000000E+00
    0.000000E+00    0.000000E+00    0.000000E+00    0.000000E+00    0.000000E+00    0.000000E+00
    0.000000E+00    0.000000E+00    0.000000E+00    0.000000E+00    0.000000E+00    0.000000E+00
    0.000000E+00    0.000000E+00    0.000000E+00    0.000000E+00    0.000000E+00    0.000000E+00
    0.000000E+00    0.000000E+00    0.000000E+00    0.000000E+00    0.000000E+00    0.000000E+00
    0.000000E+00    0.000000E+00    0.000000E+00    0.000000E+00    0.000000E+00    0.000000E+00
    0.000000E+00    0.000000E+00    0.000000E+00    0.000000E+00    0.000000E+00    0.000000E+00
    0.000000E+00    0.000000E+00    0.000000E+00    0.000000E+00    0.000000E+00    0.000000E+00
    0.000000E+00    0.000000E+00    0.000000E+00    0.000000E+00    0.000000E+00    0.000000E+00
    0.000000E+00    0.000000E+00    0.000000E+00    0.000000E+00    0.000000E+00    0.000000E+00
    0.000000E+00    0.000000E+00    0.000000E+00    0.000000E+00    0.000000E+00    0.000000E+00
    0.000000E+00    0.000000E+00    0.000000E+00    0.000000E+00    0.000000E+00    0.000000E+00
    0.000000E+00    0.000000E+00    0.000000E+00    0.000000E+00    0.000000E+00    0.000000E+00
    0.000000E+00    0.000000E+00    0.000000E+00    0.000000E+00    0.000000E+00    0.000000E+00
    0.000000E+00    0.000000E+00    0.000000E+00    0.000000E+00    0.000000E+00    0.000000E+00
    0.000000E+00    0.000000E+00    0.000000E+00    0.000000E+00    0.000000E+00    0.000000E+00
    0.000000E+00    0.000000E+00    0.000000E+00    0.000000E+00    0.000000E+00    0.000000E+00
    0.000000E+00    0.000000E+00    0.000000E+00    0.000000E+00    0.000000E+00    0.000000E+00
    0.000000E+00    0.000000E+00    0.000000E+00    0.000000E+00    0.000000E+00    0.000000E+00
    0.000000E+00    0.000000E+00    0.000000E+00    0.000000E+00    0.000000E+00    0.000000E+00
    0.000000E+00    0.000000E+00    0.000000E+00    0.000000E+00    0.000000E+00    0.000000E+00
    0.000000E+00    0.000000E+00    0.000000E+00    0.000000E+00    0.000000E+00    0.000000E+00
    0.000000E+00    0.000000E+00    0.000000E+00    0.000000E+00    0.000000E+00    0.000000E+00
    0.000000E+00    0.000000E+00    0.000000E+00    0.000000E+00    0.000000E+00    0.000000E+00
    0.000000E+00    0.000000E+00    0.000000E+00    0.000000E+00    0.000000E+00    0.000000E+00
    0.000000E+00    0.000000E+00    0.000000E+00    0.000000E+00    0.000000E+00    0.000000E+00
    0.000000E+00    0.000000E+00    0.000000E+00    0.000000E+00    0.000000E+00    0.000000E+00
    0.000000E+00    0.000000E+00    0.000000E+00    0.000000E+00    0.000000E+00    0.000000E+00
    0.000000E+00    0.000000E+00    0.000000E+00    0.000000E+00    0.000000E+00    0.000000E+00
    0.000000E+00    0.000000E+00    0.000000E+00    0.000000E+00    0.000000E+00    0.000000E+00
    0.000000E+00    0.000000E+00    0.000000E+00    0.000000E+00    0.000000E+00    0.000000E+00
    0.000000E+00    0.000000E+00    0.000000E+00    0.000000E+00    0.000000E+00    0.000000E+00
    0.000000E+00    0.000000E+00    0.000000E+00    0.000000E+00    0.000000E+00    0.000000E+00
    0.000000E+00    0.000000E+00    0.000000E+00    0.000000E+00    0.000000E+00    0.000000E+00
    0.000000E+00    0.000000E+00    0.000000E+00    0.000000E+00    0.000000E+00    0.000000E+00
    0.000000E+00    0.000000E+00    0.000000E+00    0.000000E+00    0.000000E+00    0.000000E+00
    0.000000E+00    0.000000E+00    0.000000E+00    0.000000E+00    0.000000E+00    0.000000E+00
   -3.091312E-02   -1.737539E-01   -2.747693E-01   -7.825133E-01   -7.329497E-01   -3.140498E-01
   -3.050594E-02   -1.725301E-01   -2.725369E-01   -7.416126E-01   -4.944851E-01   -9.020709E-02
   -3.029311E-02   -1.714784E-01   -2.704668E-01   -7.032747E-01   -3.453821E-01   -3.038589E-02
   -3.015089E-02   -1.704987E-01   -2.684760E-01   -6.673959E-01   -2.521022E-01   -1.249289E-02
   -3.003477E-02   -1.695547E-01   -2.665342E-01   -6.338392E-01   -1.935636E-01   -5.267787E-03
   -2.992861E-02   -1.686333E-01   -2.646303E-01   -6.024616E-01   -1.565598E-01   -7.892296E-04
   -2.982653E-02   -1.677295E-01   -2.627600E-01   -5.731232E-01   -1.328456E-01    2.921570E-03
   -2.972632E-02   -1.668413E-01   -2.609213E-01   -5.456905E-01   -1.172906E-01    6.344403E-03
   -2.962712E-02   -1.659679E-01   -2.591133E-01   -5.200372E-01   -1.067141E-01    9.584840E-03
   -2.952858E-02   -1.651087E-01   -2.573353E-01   -4.960443E-01   -9.915096E-02    1.265640E-02
   -2.943045E-02   -1.642633E-01   -2.555868E-01   -4.736001E-01   -9.339224E-02    1.555072E-02
   -2.933261E-02   -1.634316E-01   -2.538672E-01   -4.525992E-01   -8.869746E-02    1.825494E-02
   -2.923499E-02   -1.626132E-01   -2.521761E-01   -4.329431E-01   -8.461555E-02    2.075595E-02
   -2.913752E-02   -1.618080E-01   -2.505132E-01   -4.145390E-01   -8.087374E-02    2.304150E-02
   -2.904008E-02   -1.610156E-01   -2.488779E-01   -3.973001E-01   -7.730867E-02    2.510054E-02
   -2.894250E-02   -1.602357E-01   -2.472697E-01   -3.811449E-01   -7.382393E-02    2.692334E-02
   -2.884466E-02   -1.594681E-01   -2.456883E-01   -3.659971E-01   -7.036401E-02    2.850150E-02
   -2.874650E-02   -1.587127E-01   -2.441331E-01   -3.517853E-01   -6.689824E-02    2.982811E-02
   -2.864799E-02   -1.579691E-01   -2.426039E-01   -3.384427E-01   -6.341106E-02    3.089771E-02
   -2.854907E-02   -1.572371E-01   -2.411003E-01   -3.259065E-01   -5.989606E-02    3.170639E-02
   -2.844967E-02   -1.565167E-01   -2.396218E-01   -3.141185E-01   -5.635239E-02    3.225178E-02
   -2.834974E-02   -1.558075E-01   -2.381681E-01   -3.030240E-01   -5.278251E-02    3.253313E-02
   -2.824924E-02   -1.551094E-01   -2.367388E-01   -2.925719E-01   -4.919094E-02    3.255127E-02
   -2.814813E-02   -1.544222E-01   -2.353335E-01   -2.827148E-01   -4.558340E-02    3.230862E-02
   -2.804629E-02   -1.537457E-01   -2.339519E-01   -2.734083E-01   -4.196636E-02    3.180925E-02
   -2.794364E-02   -1.530796E-01   -2.325936E-01   -2.646111E-01   -3.834673E-02    3.105875E-02
   -2.784012E-02   -1.524238E-01   -2.312582E-01   -2.562847E-01   -3.473168E-02    3.006430E-02
   -2.773568E-02   -1.517781E-01   -2.299454E-01   -2.483932E-01   -3.112853E-02    2.883459E-02
   -2.763024E-02   -1.511423E-01   -2.286548E-01   -2.409034E-01   -2.754467E-02    2.737981E-02
   -2.752374E-02   -1.505162E-01   -2.273861E-01   -2.337844E-01   -2.398752E-02    2.571155E-02
   -2.741611E-02   -1.498997E-01   -2.261389E-01   -2.270073E-01   -2.046449E-02    2.384276E-02
   -2.730728E-02   -1.492925E-01   -2.249130E-01   -2.205454E-01   -1.698295E-02    2.178770E-02
   -2.719718E-02   -1.486944E-01   -2.237079E-01   -2.143741E-01   -1.355021E-02    1.956181E-02
   -2.708574E-02   -1.481054E-01   -2.225234E-01   -2.084705E-01   -1.017352E-02    1.718165E-02
   -2.697288E-02   -1.475252E-01   -2.213590E-01   -2.028132E-01   -6.859998E-03    1.466476E-02
   -2.685851E-02   -1.469535E-01   -2.202146E-01   -1.973826E-01   -3.616679E-03    1.202960E-02
   -2.674256E-02   -1.463904E-01   -2.190898E-01   -1.921606E-01   -4.504481E-04    9.295397E-03
   -2.662493E-02   -1.458354E-01   -2.179841E-01   -1.871305E-01    2.631956E-03    6.482024E-03
   -2.650554E-02   -1.452886E-01   -2.168975E-01   -1.822767E-01    5.623961E-03    3.609865E-03
   -2.638430E-02   -1.447497E-01   -2.158294E-01   -1.775850E-01    8.519176E-03    6.996865E-04
   -2.626111E-02   -1.442185E-01   -2.147797E-01   -1.730422E-01    1.131141E-02   -2.227516E-03
   -2.613586E-02   -1.436948E-01   -2.137480E-01   -1.686363E-01    1.399469E-02   -5.150662E-03
   -2.600847E-02   -1.431785E-01   -2.127340E-01   -1.643561E-01    1.656327E-02   -8.048742E-03
   -2.587882E-02   -1.426694E-01   -2.117374E-01   -1.601916E-01    1.901165E-02   -1.090097E-02
   -2.574679E-02   -1.421673E-01   -2.107579E-01   -1.561332E-01    2.133461E-02   -1.368694E-02
   -2.561228E-02   -1.416720E-01   -2.097952E-01   -1.521725E-01    2.352720E-02   -1.638677E-02
   -2.547517E-02   -1.411834E-01   -2.088491E-01   -1.483016E-01    2.558475E-02   -1.898129E-02
   -2.533532E-02   -1.407012E-01   -2.079192E-01   -1.445134E-01    2.750292E-02   -2.145216E-02
   -2.519262E-02   -1.402254E-01   -2.070052E-01   -1.408014E-01    2.927770E-02   -2.378203E-02
   -2.504694E-02   -1.397556E-01   -2.061068E-01   -1.371596E-01    3.090539E-02   -2.595469E-02
   -2.489813E-02   -1.392918E-01   -2.052239E-01   -1.335826E-01    3.238268E-02   -2.795522E-02
   -2.474607E-02   -1.388337E-01   -2.043560E-01   -1.300656E-01    3.370660E-02   -2.977009E-02
   -2.459061E-02   -1.383812E-01   -2.035029E-01   -1.266041E-01    3.487458E-02   -3.138733E-02
   -2.443161E-02   -1.379340E-01   -2.026644E-01   -1.231942E-01    3.588444E-02   -3.279658E-02
   -2.426892E-02   -1.374921E-01   -2.018402E-01   -1.198323E-01    3.673439E-02   -3.398927E-02
   -2.410239E-02   -1.370552E-01   -2.010300E-01   -1.165151E-01    3.742308E-02   -3.495862E-02
   -2.393189E-02   -1.366233E-01   -2.002335E-01   -1.132397E-01    3.794958E-02   -3.569983E-02
   -2.375725E-02   -1.361960E-01   -1.994505E-01   -1.100036E-01    3.831339E-02   -3.621003E-02
   -2.357833E-02   -1.357732E-01   -1.986808E-01   -1.068046E-01    3.851449E-02   -3.648839E-02
   -2.339496E-02   -1.353548E-01   -1.979241E-01   -1.036405E-01    3.855329E-02   -3.653613E-02
   -2.320701E-02   -1.349406E-01   -1.971801E-01   -1.005097E-01    3.843068E-02   -3.635654E-02
   -2.301433E-02   -1.345304E-01   -1.964486E-01   -9.741059E-02    3.814801E-02   -3.595495E-02
   -2.281676E-02   -1.341242E-01   -1.957295E-01   -9.434185E-02    3.770713E-02   -3.533873E-02
   -2.261417E-02   -1.337217E-01   -1.950224E-01   -9.130236E-02    3.711038E-02   -3.451722E-02
   -2.240640E-02   -1.333228E-01   -1.943271E-01   -8.829115E-02    3.636057E-02   -3.350166E-02
   -2.219334E-02   -1.329274E-01   -1.936435E-01   -8.530744E-02    3.546101E-02   -3.230512E-02
   -2.197486E-02   -1.325353E-01   -1.929713E-01   -8.235060E-02    3.441551E-02   -3.094235E-02
   -2.175081E-02   -1.321464E-01   -1.923103E-01   -7.942011E-02    3.322839E-02   -2.942969E-02
   -2.152110E-02   -1.317607E-01   -1.916604E-01   -7.651561E-02    3.190443E-02   -2.778488E-02
   -2.128561E-02   -1.313780E-01   -1.910214E-01   -7.363685E-02    3.044892E-02   -2.602691E-02
   -2.104425E-02   -1.309981E-01   -1.903930E-01   -7.078369E-02    2.886765E-02   -2.417579E-02
   -2.079695E-02   -1.306212E-01   -1.897752E-01   -6.795607E-02    2.716687E-02   -2.225240E-02
   -2.054360E-02   -1.302469E-01   -1.891678E-01   -6.515406E-02    2.535330E-02   -2.027819E-02
   -2.028416E-02   -1.298754E-01   -1.885706E-01   -6.237780E-02    2.343413E-02   -1.827499E-02
   -2.001858E-02   -1.295065E-01   -1.879836E-01   -5.962749E-02    2.141698E-02   -1.626474E-02
   -1.974684E-02   -1.291402E-01   -1.874065E-01   -5.690344E-02    1.930991E-02   -1.426922E-02
   -1.946891E-02   -1.287765E-01   -1.868393E-01   -5.420600E-02    1.712138E-02   -1.230980E-02
   -1.918478E-02   -1.284153E-01   -1.862818E-01   -5.153561E-02    1.486025E-02   -1.040716E-02
   -1.889447E-02   -1.280567E-01   -1.857341E-01   -4.889274E-02    1.253572E-02   -8.580995E-03
   -1.859803E-02   -1.277007E-01   -1.851959E-01   -4.627793E-02    1.015734E-02   -6.849810E-03
   -1.829551E-02   -1.273473E-01   -1.846673E-01   -4.369179E-02    7.734965E-03   -5.230615E-03
   -1.798697E-02   -1.269966E-01   -1.841481E-01   -4.113494E-02    5.278699E-03   -3.738709E-03
   -1.767249E-02   -1.266485E-01   -1.836383E-01   -3.860809E-02    2.798887E-03   -2.387455E-03
   -1.735220E-02   -1.263033E-01   -1.831379E-01   -3.611195E-02    3.060563E-04   -1.188088E-03
   -1.702623E-02   -1.259609E-01   -1.826468E-01   -3.364730E-02   -2.189124E-03   -1.495246E-04
   -1.669473E-02   -1.256214E-01   -1.821651E-01   -3.121494E-02   -4.675890E-03    7.217045E-04
   -1.635785E-02   -1.252851E-01   -1.816926E-01   -2.881571E-02   -7.143434E-03    1.421681E-03
   -1.601579E-02   -1.249519E-01   -1.812294E-01   -2.645049E-02   -9.580964E-03    1.949040E-03
   -1.566876E-02   -1.246220E-01   -1.807756E-01   -2.412017E-02   -1.197776E-02    2.305045E-03
   -1.531700E-02   -1.242956E-01   -1.803310E-01   -2.182570E-02   -1.432322E-02    2.493572E-03
   -1.496074E-02   -1.239729E-01   -1.798957E-01   -1.956801E-02   -1.660694E-02    2.520941E-03
   -1.460023E-02   -1.236540E-01   -1.794698E-01   -1.734810E-02   -1.881877E-02    2.395988E-03
   -1.423576E-02   -1.233390E-01   -1.790532E-01   -1.516697E-02   -2.094889E-02    2.129718E-03
   -1.386763E-02   -1.230282E-01   -1.786460E-01   -1.302562E-02   -2.298785E-02    1.735177E-03
   -1.349615E-02   -1.227218E-01   -1.782483E-01   -1.092510E-02   -2.492667E-02    1.227195E-03
   -1.312163E-02   -1.224200E-01   -1.778600E-01   -8.866448E-03   -2.675686E-02    6.221257E-04
   -1.274441E-02   -1.221229E-01   -1.774812E-01   -6.850733E-03   -2.847054E-02   -6.263519E-05
   -1.236483E-02   -1.218308E-01   -1.771119E-01   -4.879021E-03   -3.006048E-02   -8.087382E-04
   -1.198325E-02   -1.215439E-01   -1.767522E-01   -2.952386E-03   -3.152014E-02   -1.597409E-03
   -1.160003E-02   -1.212625E-01   -1.764021E-01   -1.071906E-03   -3.284375E-02   -2.409849E-03
   -1.121554E-02   -1.209867E-01   -1.760616E-01    7.613392E-04   -3.402639E-02   -3.227566E-03
   -1.083016E-02   -1.207168E-01   -1.757309E-01    2.546273E-03   -3.506398E-02   -4.032770E-03
   -1.044426E-02   -1.204529E-01   -1.754098E-01    4.281825E-03   -3.595337E-02   -4.808744E-03
   -1.005823E-02   -1.201954E-01   -1.750985E-01    5.966930E-03   -3.669236E-02   -5.540191E-03
   -9.672438E-03   -1.199444E-01   -1.747969E-01    7.600538E-03   -3.727975E-02   -6.213544E-03
   -9.287279E-03   -1.197001E-01   -1.745051E-01    9.181613E-03   -3.771535E-02   -6.817211E-03
   -8.903129E-03   -1.194627E-01   -1.742231E-01    1.070913E-02   -3.799997E-02   -7.341951E-03
   -8.520358E-03   -1.192325E-01   -1.739508E-01    1.218211E-02   -3.813551E-02   -7.780748E-03
   -8.139336E-03   -1.190096E-01   -1.736884E-01    1.359956E-02   -3.812485E-02   -8.129207E-03
   -7.760436E-03   -1.187942E-01   -1.734356E-01    1.496054E-02   -3.797193E-02   -8.385466E-03
   -7.384021E-03   -1.185865E-01   -1.731927E-01    1.626414E-02   -3.768168E-02   -8.550191E-03
   -7.010435E-03   -1.183867E-01   -1.729594E-01    1.750949E-02   -3.725999E-02   -8.626543E-03
   -6.640011E-03   -1.181949E-01   -1.727358E-01    1.869575E-02   -3.671372E-02   -8.619925E-03
   -6.273082E-03   -1.180112E-01   -1.725218E-01    1.982212E-02   -3.605056E-02   -8.537864E-03
   -5.909977E-03   -1.178358E-01   -1.723173E-01    2.088786E-02   -3.527905E-02   -8.389709E-03
   -5.551007E-03   -1.176688E-01   -1.721224E-01    2.189225E-02   -3.440850E-02   -8.186318E-03
   -5.196460E-03   -1.175104E-01   -1.719368E-01    2.283466E-02   -3.344885E-02   -7.939701E-03
   -4.846608E-03   -1.173606E-01   -1.717605E-01    2.371449E-02   -3.241065E-02   -7.662641E-03
   -4.501724E-03   -1.172194E-01   -1.715934E-01    2.453121E-02   -3.130495E-02   -7.368285E-03
   -4.162075E-03   -1.170871E-01   -1.714354E-01    2.528435E-02   -3.014317E-02   -7.069739E-03
   -3.827898E-03   -1.169636E-01   -1.712864E-01    2.597349E-02   -2.893703E-02   -6.779662E-03
   -3.499412E-03   -1.168490E-01   -1.711461E-01    2.659831E-02   -2.769842E-02   -6.509879E-03
   -3.176816E-03   -1.167433E-01   -1.710146E-01    2.715854E-02   -2.643928E-02   -6.271012E-03
   -2.860316E-03   -1.166466E-01   -1.708916E-01    2.765397E-02   -2.517151E-02   -6.072217E-03
   -2.550098E-03   -1.165588E-01   -1.707769E-01    2.808449E-02   -2.390681E-02   -5.920847E-03
   -2.246323E-03   -1.164799E-01   -1.706704E-01    2.845006E-02   -2.265660E-02   -5.822257E-03
   -1.949134E-03   -1.164100E-01   -1.705719E-01    2.875072E-02   -2.143191E-02   -5.779706E-03
   -1.658663E-03   -1.163490E-01   -1.704813E-01    2.898658E-02   -2.024322E-02   -5.794261E-03
   -1.375037E-03   -1.162969E-01   -1.703982E-01    2.915784E-02   -1.910040E-02   -5.864766E-03
   -1.098365E-03   -1.162535E-01   -1.703225E-01    2.926480E-02   -1.801259E-02   -5.987946E-03
   -8.287367E-04   -1.162189E-01   -1.702540E-01    2.930781E-02   -1.698812E-02   -6.158529E-03
   -5.662254E-04   -1.161930E-01   -1.701924E-01    2.928735E-02   -1.603439E-02   -6.369432E-03
   -3.108967E-04   -1.161757E-01   -1.701376E-01    2.920396E-02   -1.515786E-02   -6.612062E-03
   -6.280644E-05   -1.161669E-01   -1.700893E-01    2.905827E-02   -1.436391E-02   -6.876562E-03
    1.780043E-04   -1.161665E-01   -1.700472E-01    2.885100E-02   -1.365685E-02   -7.152201E-03
    4.115078E-04   -1.161744E-01   -1.700111E-01    2.858296E-02   -1.303985E-02   -7.427679E-03
    6.376880E-04   -1.161905E-01   -1.699807E-01    2.825504E-02   -1.251493E-02   -7.691588E-03
    8.565380E-04   -1.162146E-01   -1.699558E-01    2.786825E-02   -1.208294E-02   -7.932747E-03
    1.068060E-03   -1.162466E-01   -1.699362E-01    2.742364E-02   -1.174355E-02   -8.140574E-03
    1.272267E-03   -1.162864E-01   -1.699214E-01    2.692238E-02   -1.149531E-02   -8.305475E-03
    1.469180E-03   -1.163339E-01   -1.699114E-01    2.636571E-02   -1.133561E-02   -8.419097E-03
    1.658827E-03   -1.163888E-01   -1.699058E-01    2.575496E-02   -1.126081E-02   -8.474623E-03
    1.841249E-03   -1.164510E-01   -1.699043E-01    2.509154E-02   -1.126624E-02   -8.466986E-03
    2.016490E-03   -1.165204E-01   -1.699067E-01    2.437694E-02   -1.134627E-02   -8.393279E-03
    2.184602E-03   -1.165968E-01   -1.699127E-01    2.361273E-02   -1.149444E-02   -8.252198E-03
    2.345639E-03   -1.166800E-01   -1.699220E-01    2.280055E-02   -1.170351E-02   -8.044698E-03
    2.499667E-03   -1.167699E-01   -1.699343E-01    2.194214E-02   -1.196558E-02   -7.774052E-03
    2.646755E-03   -1.168662E-01   -1.699494E-01    2.103927E-02   -1.227219E-02   -7.444988E-03
    2.786976E-03   -1.169688E-01   -1.699669E-01    2.009382E-02   -1.261447E-02   -7.064258E-03
    2.920408E-03   -1.170776E-01   -1.699866E-01    1.910771E-02   -1.298322E-02   -6.640193E-03
    3.047130E-03   -1.171923E-01   -1.700082E-01    1.808294E-02   -1.336909E-02   -6.182433E-03
    3.167228E-03   -1.173127E-01   -1.700314E-01    1.702155E-02   -1.376267E-02   -5.701575E-03
    3.280791E-03   -1.174386E-01   -1.700560E-01    1.592565E-02   -1.415462E-02   -5.209192E-03
    3.387910E-03   -1.175700E-01   -1.700816E-01    1.479740E-02   -1.453585E-02   -4.717100E-03
    3.488676E-03   -1.177065E-01   -1.701080E-01    1.363901E-02   -1.489754E-02   -4.237100E-03
    3.583185E-03   -1.178480E-01   -1.701349E-01    1.245274E-02   -1.523141E-02   -3.780731E-03
    3.671533E-03   -1.179942E-01   -1.701620E-01    1.124088E-02   -1.552969E-02   -3.359031E-03
    3.753820E-03   -1.181451E-01   -1.701891E-01    1.000576E-02   -1.578533E-02   -2.982038E-03
    3.830145E-03   -1.183004E-01   -1.702159E-01    8.749754E-03   -1.599201E-02   -2.658415E-03
    3.900609E-03   -1.184599E-01   -1.702421E-01    7.475250E-03   -1.614431E-02   -2.396309E-03
    3.965312E-03   -1.186235E-01   -1.702674E-01    6.184666E-03   -1.623771E-02   -2.201248E-03
    4.024357E-03   -1.187909E-01   -1.702917E-01    4.880437E-03   -1.626870E-02   -2.076824E-03
    4.077848E-03   -1.189619E-01   -1.703145E-01    3.565016E-03   -1.623478E-02   -2.025455E-03
    4.125887E-03   -1.191364E-01   -1.703357E-01    2.240862E-03   -1.613453E-02   -2.047907E-03
    4.168576E-03   -1.193141E-01   -1.703551E-01    9.104394E-04   -1.596759E-02   -2.141589E-03
    4.206019E-03   -1.194950E-01   -1.703722E-01   -4.237859E-04   -1.573469E-02   -2.303673E-03
    4.238318E-03   -1.196787E-01   -1.703870E-01   -1.759354E-03   -1.543761E-02   -2.528051E-03
    4.265576E-03   -1.198652E-01   -1.703991E-01   -3.093816E-03   -1.507917E-02   -2.807898E-03
    4.287896E-03   -1.200541E-01   -1.704083E-01   -4.424737E-03   -1.466313E-02   -3.135433E-03
    4.305378E-03   -1.202454E-01   -1.704143E-01   -5.749703E-03   -1.419420E-02   -3.499379E-03
    4.318124E-03   -1.204389E-01   -1.704170E-01   -7.066324E-03   -1.367795E-02   -3.890766E-03
    4.326235E-03   -1.206343E-01   -1.704161E-01   -8.372240E-03   -1.312066E-02   -4.297741E-03
    4.329811E-03   -1.208315E-01   -1.704113E-01   -9.665129E-03   -1.252933E-02   -4.708113E-03
    4.328949E-03   -1.210304E-01   -1.704024E-01   -1.094271E-02   -1.191147E-02   -5.110404E-03
    4.323750E-03   -1.212306E-01   -1.703892E-01   -1.220273E-02   -1.127507E-02   -5.493454E-03
    4.314309E-03   -1.214322E-01   -1.703714E-01   -1.344302E-02   -1.062842E-02   -5.846497E-03
    4.300724E-03   -1.216348E-01   -1.703489E-01   -1.466143E-02   -9.980014E-03   -6.159889E-03
    4.283089E-03   -1.218384E-01   -1.703214E-01   -1.585589E-02   -9.338462E-03   -6.425247E-03
    4.261500E-03   -1.220427E-01   -1.702887E-01   -1.702439E-02   -8.712290E-03   -6.635755E-03
    4.236050E-03   -1.222475E-01   -1.702507E-01   -1.816499E-02   -8.109860E-03   -6.786366E-03
    4.206831E-03   -1.224528E-01   -1.702070E-01   -1.927581E-02   -7.539241E-03   -6.874075E-03
    4.173934E-03   -1.226583E-01   -1.701575E-01   -2.035507E-02   -7.008097E-03   -6.897721E-03
    4.137450E-03   -1.228639E-01   -1.701020E-01   -2.140105E-02   -6.523570E-03   -6.858899E-03
    4.097467E-03   -1.230694E-01   -1.700402E-01   -2.241211E-02   -6.092185E-03   -6.760450E-03
    4.054073E-03   -1.232747E-01   -1.699721E-01   -2.338674E-02   -5.719754E-03   -6.607271E-03
    4.007356E-03   -1.234796E-01   -1.698974E-01   -2.432347E-02   -5.411301E-03   -6.407987E-03
    3.957401E-03   -1.236839E-01   -1.698159E-01   -2.522095E-02   -5.170986E-03   -6.170375E-03
    3.904292E-03   -1.238875E-01   -1.697274E-01   -2.607793E-02   -5.002083E-03   -5.904344E-03
    3.848112E-03   -1.240902E-01   -1.696319E-01   -2.689327E-02   -4.906797E-03   -5.620886E-03
    3.788944E-03   -1.242919E-01   -1.695290E-01   -2.766591E-02   -4.886496E-03   -5.331463E-03
    3.726869E-03   -1.244924E-01   -1.694186E-01   -2.839491E-02   -4.941462E-03   -5.047456E-03
    3.661965E-03   -1.246916E-01   -1.693006E-01   -2.907944E-02   -5.070985E-03   -4.779769E-03
    3.594312E-03   -1.248893E-01   -1.691747E-01   -2.971878E-02   -5.273369E-03   -4.538038E-03
    3.523987E-03   -1.250854E-01   -1.690409E-01   -3.031231E-02   -5.545957E-03   -4.330796E-03
    3.451066E-03   -1.252798E-01   -1.688990E-01   -3.085955E-02   -5.885204E-03   -4.165983E-03
    3.375624E-03   -1.254723E-01   -1.687488E-01   -3.136012E-02   -6.286597E-03   -4.047568E-03
    3.297735E-03   -1.256627E-01   -1.685902E-01   -3.181374E-02   -6.744864E-03   -3.976785E-03
    3.217471E-03   -1.258509E-01   -1.684230E-01   -3.222027E-02   -7.254090E-03   -3.953822E-03
    3.134904E-03   -1.260369E-01   -1.682471E-01   -3.257967E-02   -7.807613E-03   -3.975717E-03
    2.748974E-03   -1.268187E-01   -1.673734E-01   -3.360156E-02   -1.055686E-02   -4.417189E-03
    2.326016E-03   -1.275431E-01   -1.663207E-01   -3.376170E-02   -1.333653E-02   -4.756426E-03
    1.871232E-03   -1.282001E-01   -1.650801E-01   -3.313242E-02   -1.548060E-02   -4.223495E-03
    1.389439E-03   -1.287801E-01   -1.636440E-01   -3.182178E-02   -1.647638E-02   -2.898616E-03
    8.850836E-04   -1.292744E-01   -1.620064E-01   -2.996746E-02   -1.607872E-02   -1.816389E-03
    3.622629E-04   -1.296748E-01   -1.601628E-01   -2.772893E-02   -1.436335E-02   -2.065839E-03
   -1.752569E-04   -1.299738E-01   -1.581101E-01   -2.527820E-02   -1.171019E-02   -3.650486E-03
   -7.240220E-04   -1.301646E-01   -1.558467E-01   -2.278970E-02   -8.718240E-03   -5.242163E-03
   -1.280872E-03   -1.302408E-01   -1.533727E-01   -2.042986E-02   -6.062689E-03   -5.642858E-03
   -1.842923E-03   -1.301969E-01   -1.506895E-01   -1.834705E-02   -4.322144E-03   -4.407699E-03
   -2.407548E-03   -1.300279E-01   -1.477999E-01   -1.666251E-02   -3.803541E-03   -2.841178E-03
   -2.972363E-03   -1.297295E-01   -1.447082E-01   -1.546294E-02   -4.437779E-03   -2.262100E-03
   -3.535210E-03   -1.292980E-01   -1.414203E-01   -1.479529E-02   -5.778532E-03   -2.747751E-03
   -4.094140E-03   -1.287303E-01   -1.379434E-01   -1.466413E-02   -7.144850E-03   -3.258514E-03
   -4.647400E-03   -1.280239E-01   -1.342860E-01   -1.503199E-02   -7.879681E-03   -2.930767E-03
   -5.193422E-03   -1.271771E-01   -1.304579E-01   -1.582260E-02   -7.630651E-03   -2.174041E-03
   -5.730806E-03   -1.261887E-01   -1.264704E-01   -1.692699E-02   -6.547396E-03   -2.054680E-03
   -6.258308E-03   -1.250581E-01   -1.223358E-01   -1.821201E-02   -5.233885E-03   -2.906780E-03
   -6.774832E-03   -1.237853E-01   -1.180676E-01   -1.953069E-02   -4.492157E-03   -3.907095E-03
   -7.279417E-03   -1.223711E-01   -1.136804E-01   -2.073372E-02   -4.893099E-03   -3.995887E-03
   -7.771225E-03   -1.208167E-01   -1.091897E-01   -2.168119E-02   -6.430121E-03   -3.043253E-03
   -8.249536E-03   -1.191240E-01   -1.046122E-01   -2.225360E-02   -8.407198E-03   -1.896782E-03
   -8.713734E-03   -1.172956E-01   -9.996505E-02   -2.236135E-02   -9.757488E-03   -1.137260E-03
   -9.163303E-03   -1.153346E-01   -9.526627E-02   -2.195185E-02   -9.584904E-03   -1.956706E-03
   -9.597815E-03   -1.132446E-01   -9.053443E-02   -2.101375E-02   -7.702105E-03   -2.528349E-03
   -1.001693E-02   -1.110300E-01   -8.578858E-02   -1.957776E-02   -4.820183E-03   -2.534998E-03
   -1.042037E-02   -1.086956E-01   -8.104805E-02   -1.771422E-02   -2.214969E-03   -2.181809E-03
   -1.080795E-02   -1.062468E-01   -7.633242E-02   -1.552745E-02   -1.047883E-03   -2.239383E-03
   -1.117952E-02   -1.036896E-01   -7.166126E-02   -1.314743E-02   -1.697824E-03   -2.816343E-03
   -1.153502E-02   -1.010304E-01   -6.705406E-02   -1.071957E-02   -3.545441E-03   -2.897744E-03
   -1.187442E-02   -9.827619E-02   -6.253005E-02   -8.393369E-03   -5.373031E-03   -1.930153E-03
   -1.219773E-02   -9.543447E-02   -5.810806E-02   -6.310931E-03   -6.132594E-03   -9.680823E-04
   -1.250503E-02   -9.251310E-02   -5.380630E-02   -4.596317E-03   -5.594390E-03   -1.246698E-03
   -1.279642E-02   -8.952041E-02   -4.964229E-02   -3.346428E-03   -4.416792E-03   -2.285699E-03
   -1.307205E-02   -8.646511E-02   -4.563264E-02   -2.624148E-03   -3.612441E-03   -2.473626E-03
   -1.333208E-02   -8.335628E-02   -4.179290E-02   -2.454116E-03   -3.789870E-03   -1.877922E-03
   -1.357671E-02   -8.020329E-02   -3.813742E-02   -2.821339E-03   -4.722300E-03   -1.765100E-03
   -1.380618E-02   -7.701584E-02   -3.467919E-02   -3.672698E-03   -5.547901E-03   -2.128425E-03
   -1.402073E-02   -7.380382E-02   -3.142973E-02   -4.920896E-03   -5.468886E-03   -1.835808E-03
   -1.422062E-02   -7.057735E-02   -2.839891E-02   -6.451004E-03   -4.309213E-03   -1.117852E-03
   -1.440614E-02   -6.734666E-02   -2.559488E-02   -8.128773E-03   -2.546519E-03   -1.007084E-03
   -1.457760E-02   -6.412209E-02   -2.302394E-02   -9.810530E-03   -1.466931E-03   -1.735317E-03
   -1.473529E-02   -6.091404E-02   -2.069047E-02   -1.135410E-02   -1.322695E-03   -2.174604E-03
   -1.487955E-02   -5.773284E-02   -1.859681E-02   -1.263020E-02   -2.196139E-03   -1.809559E-03
   -1.501069E-02   -5.458879E-02   -1.674330E-02   -1.353358E-02   -3.492942E-03   -1.351474E-03
   -1.512908E-02   -5.149204E-02   -1.512817E-02   -1.399312E-02   -4.427306E-03   -1.359878E-03
   -1.523503E-02   -4.845255E-02   -1.374756E-02   -1.397972E-02   -4.526502E-03   -1.443683E-03
   -1.532891E-02   -4.548000E-02   -1.259555E-02   -1.351105E-02   -3.640136E-03   -1.125189E-03
   -1.541107E-02   -4.258377E-02   -1.166420E-02   -1.265178E-02   -1.893338E-03   -1.085068E-03
   -1.548185E-02   -3.977285E-02   -1.094362E-02   -1.150849E-02   -2.547094E-03   -1.715639E-03
   -1.554162E-02   -3.705577E-02   -1.042206E-02   -1.021920E-02   -2.724604E-03   -1.852243E-03
   -1.559072E-02   -3.444058E-02   -1.008602E-02   -8.936726E-03   -3.113394E-03   -1.104604E-03
   -1.562951E-02   -3.193471E-02   -9.920454E-03   -7.809101E-03   -2.983603E-03   -8.731142E-04
   -1.565835E-02   -2.954500E-02   -9.908891E-03   -6.957648E-03   -2.145054E-03   -1.279151E-03
   -1.567757E-02   -2.727757E-02   -1.003367E-02   -6.457093E-03   -1.265838E-03   -9.860582E-04
   -1.568753E-02   -2.513782E-02   -1.027613E-02   -6.321142E-03   -1.319024E-03   -1.031865E-03
   -1.568857E-02   -2.313036E-02   -1.061691E-02   -6.497119E-03   -2.469508E-03   -1.486822E-03
   -1.568103E-02   -2.125893E-02   -1.103616E-02   -6.872303E-03   -3.722377E-03   -6.830868E-04
   -1.566523E-02   -1.952643E-02   -1.151382E-02   -7.291733E-03   -3.849542E-03   -7.782655E-04
   -1.564152E-02   -1.793482E-02   -1.202993E-02   -7.588256E-03   -2.710190E-03   -8.078199E-04
   -1.561020E-02   -1.648514E-02   -1.256491E-02   -7.615996E-03   -1.580796E-03   -1.168713E-03
   -1.557161E-02   -1.517746E-02   -1.309986E-02   -7.284947E-03   -1.425863E-03   -1.114609E-03
   -1.552605E-02   -1.401087E-02   -1.361681E-02   -6.586440E-03   -2.035646E-03   -1.036987E-03
   -1.547382E-02   -1.298351E-02   -1.409906E-02   -5.603834E-03   -2.335699E-03   -1.165159E-03
   -1.541523E-02   -1.209252E-02   -1.453138E-02   -4.500345E-03   -1.833372E-03   -8.793297E-04
   -1.535056E-02   -1.133410E-02   -1.490029E-02   -3.491850E-03   -1.291520E-03   -5.489120E-04
   -1.528011E-02   -1.070351E-02   -1.519428E-02   -2.798457E-03   -1.577997E-03   -1.038262E-03
   -1.520416E-02   -1.019513E-02   -1.540396E-02   -2.592324E-03   -2.455580E-03   -1.075390E-03
   -1.512297E-02   -9.802460E-03   -1.552225E-02   -2.950750E-03   -2.890137E-03   -7.860334E-04
   -1.503681E-02   -9.518233E-03   -1.554442E-02   -3.828224E-03   -2.361903E-03   -4.269359E-05
   -1.494594E-02   -9.334433E-03   -1.546825E-02   -5.056388E-03   -1.437080E-03   -7.343157E-04
   -1.485061E-02   -9.242390E-03   -1.529394E-02   -6.375691E-03   -9.784480E-04   -5.820793E-04
   -1.475106E-02   -9.232866E-03   -1.502414E-02   -7.493185E-03   -1.264357E-03   -1.020178E-03
   -1.464754E-02   -9.296144E-03   -1.466384E-02   -8.153506E-03   -1.728830E-03   -8.884175E-04
   -1.454028E-02   -9.422133E-03   -1.422023E-02   -8.204621E-03   -1.813115E-03   -6.252146E-04
   -1.442949E-02   -9.600474E-03   -1.370252E-02   -7.639516E-03   -1.377353E-03   -7.428103E-04
   -1.431540E-02   -9.820660E-03   -1.312168E-02   -6.600120E-03   -1.504696E-03   -6.558497E-04
   -1.419822E-02   -1.007215E-02   -1.249019E-02   -5.339977E-03   -1.761901E-03   -7.071949E-04
   -1.407815E-02   -1.034450E-02   -1.182171E-02   -4.154198E-03   -2.036464E-03   -9.154806E-04
   -1.395539E-02   -1.062748E-02   -1.113073E-02   -3.296401E-03   -1.321804E-03   -4.921634E-04
   -1.383012E-02   -1.091120E-02   -1.043221E-02   -2.907588E-03   -6.655969E-04   -4.870721E-04
   -1.370254E-02   -1.118625E-02   -9.741190E-03   -2.979736E-03   -8.602804E-04   -7.262409E-04
   -1.357282E-02   -1.144380E-02   -9.072405E-03   -3.366649E-03   -1.648500E-03   -6.256424E-04
   -1.344114E-02   -1.167571E-02   -8.439889E-03   -3.839568E-03   -1.644847E-03   -7.915234E-04
   -1.330765E-02   -1.187466E-02   -7.856626E-03   -4.168020E-03   -1.264030E-03   -4.525925E-04
   -1.317253E-02   -1.203424E-02   -7.334189E-03   -4.201023E-03   -1.094614E-03   -3.729981E-04
   -1.303592E-02   -1.214900E-02   -6.882439E-03   -3.916526E-03   -1.492329E-03   -6.964585E-04
   -1.289798E-02   -1.221459E-02   -6.509273E-03   -3.424824E-03   -1.299199E-03   -5.752981E-04
   -1.275884E-02   -1.222772E-02   -6.220395E-03   -2.919312E-03   -7.013154E-04   -6.037138E-04
   -1.261865E-02   -1.218629E-02   -6.019188E-03   -2.600850E-03   -7.412729E-04   -3.935782E-04
   -1.247753E-02   -1.208937E-02   -5.906611E-03   -2.611237E-03   -1.363329E-03   -5.890894E-04
   -1.233562E-02   -1.193718E-02   -5.881190E-03   -2.951640E-03   -1.532843E-03   -6.269235E-04
   -1.219303E-02   -1.173111E-02   -5.939075E-03   -3.512998E-03   -1.122032E-03   -3.857355E-04
   -1.204989E-02   -1.147364E-02   -6.074143E-03   -4.100943E-03   -9.058212E-04   -5.146950E-04
   -1.190631E-02   -1.116833E-02   -6.278194E-03   -4.510360E-03   -1.011993E-03   -4.217071E-04
   -1.176239E-02   -1.081968E-02   -6.541195E-03   -4.597599E-03   -9.920190E-04   -6.427177E-04
   -1.161823E-02   -1.043308E-02   -6.851560E-03   -4.325311E-03   -7.531775E-04   -3.746048E-04
   -1.147395E-02   -1.001466E-02   -7.196503E-03   -3.763640E-03   -8.667342E-04   -4.498059E-04
   -1.132962E-02   -9.571192E-03   -7.562398E-03   -3.069073E-03   -1.326513E-03   -4.335901E-04
   -1.118535E-02   -9.109895E-03   -7.935173E-03   -2.421231E-03   -1.201529E-03   -5.309832E-04
   -1.104121E-02   -8.638325E-03   -8.300705E-03   -1.968547E-03   -6.202066E-04   -3.905313E-04
   -1.089730E-02   -8.164194E-03   -8.645226E-03   -1.797660E-03   -6.928482E-04   -3.805944E-04
   -1.075368E-02   -7.695195E-03   -8.955703E-03   -1.900634E-03   -9.886217E-04   -4.675966E-04
   -1.061044E-02   -7.238850E-03   -9.220200E-03   -2.192133E-03   -6.743854E-04   -2.885614E-04
   -1.046765E-02   -6.802330E-03   -9.428207E-03   -2.508988E-03   -7.903073E-04   -3.018560E-04
   -1.032537E-02   -6.392312E-03   -9.570923E-03   -2.743041E-03   -1.135889E-03   -2.757361E-04
   -1.018367E-02   -6.014824E-03   -9.641506E-03   -2.780598E-03   -8.270617E-04   -4.278902E-04
   -1.004261E-02   -5.675111E-03   -9.635256E-03   -2.635464E-03   -4.600283E-04   -3.441029E-04
   -9.902256E-03   -5.377531E-03   -9.549731E-03   -2.408941E-03   -7.167257E-04   -3.111008E-04
   -9.762653E-03   -5.125457E-03   -9.384868E-03   -2.244017E-03   -8.379463E-04   -3.706220E-04
   -9.623859E-03   -4.921201E-03   -9.142946E-03   -2.278280E-03   -7.316760E-04   -2.438632E-04
   -9.485923E-03   -4.765981E-03   -8.828585E-03   -2.490942E-03   -7.772701E-04   -2.545857E-04
   -9.348893E-03   -4.659893E-03   -8.448629E-03   -2.743144E-03   -7.131231E-04   -3.129752E-04
   -9.212813E-03   -4.601923E-03   -8.011991E-03   -2.825038E-03   -4.930277E-04   -4.585802E-04
   -9.077727E-03   -4.589974E-03   -7.529426E-03   -2.596394E-03   -4.964753E-04   -2.431303E-04
   -8.943675E-03   -4.620950E-03   -7.013256E-03   -2.074642E-03   -8.670735E-04   -3.452233E-04
   -8.810693E-03   -4.690796E-03   -6.477024E-03   -1.477169E-03   -6.864454E-04   -2.339305E-04
   -8.678818E-03   -4.794647E-03   -5.935095E-03   -1.050129E-03   -5.548116E-04   -2.983563E-04
   -8.548084E-03   -4.926921E-03   -5.402196E-03   -1.147962E-03   -6.870794E-04   -2.624237E-04
   -8.418523E-03   -5.081470E-03   -4.892913E-03   -1.539013E-03   -3.905584E-04   -3.157195E-04
   -8.290163E-03   -5.251726E-03   -4.421134E-03   -2.035045E-03   -5.876612E-04   -2.294966E-04
   -8.163034E-03   -5.430863E-03   -3.999467E-03   -2.314597E-03   -7.894821E-04    1.256762E-03
   -8.037162E-03   -5.611946E-03   -3.638677E-03   -2.235800E-03   -4.746156E-04   -1.011770E-04
   -7.912571E-03   -5.788114E-03   -3.347111E-03   -1.919601E-03   -3.672969E-04   -2.249299E-04
   -7.789285E-03   -5.952705E-03   -3.130185E-03   -1.631806E-03   -5.270226E-04   -2.168220E-04
   -7.667326E-03   -6.099440E-03   -2.990002E-03   -1.405984E-03   -4.129745E-04   -3.016401E-04
   -7.546714E-03   -6.222542E-03   -2.925014E-03   -1.725801E-03   -6.358332E-04   -1.858804E-04
   -7.427469E-03   -6.316876E-03   -2.929969E-03   -1.856778E-03   -5.490883E-04   -2.088179E-04
   -7.309609E-03   -6.378075E-03   -2.995965E-03   -1.784535E-03   -3.275674E-04   -2.479489E-04
   -7.193151E-03   -6.402623E-03   -3.110819E-03   -1.472797E-03   -5.396746E-04   -1.701018E-04
   -7.078112E-03   -6.387960E-03   -3.259636E-03   -1.110310E-03   -4.625261E-04   -2.756426E-04
   -6.964506E-03   -6.332541E-03   -3.425644E-03   -9.486369E-04   -5.187882E-04   -2.353357E-04
   -6.852347E-03   -6.235911E-03   -3.591245E-03   -1.098723E-03   -4.888314E-04    8.666716E-05
   -6.741651E-03   -6.098705E-03   -3.739223E-03   -1.277895E-03   -2.785650E-04   -2.053196E-04
   -6.632429E-03   -5.922691E-03   -3.854052E-03   -1.686512E-03   -1.546504E-05   -2.044720E-04
   -6.524694E-03   -5.710750E-03   -3.923178E-03   -1.730990E-03   -4.324982E-04   -1.497887E-04
   -6.418459E-03   -5.466843E-03   -3.938177E-03   -1.560009E-03    3.711866E-05   -1.207776E-04
   -6.313734E-03   -5.195945E-03   -3.895653E-03   -1.325927E-03   -3.601810E-04   -2.190869E-04
   -6.210530E-03   -4.903961E-03   -3.797762E-03   -1.156210E-03   -3.200546E-04   -1.873589E-04
   -6.108860E-03   -4.597584E-03   -3.652261E-03   -1.094571E-03   -5.096847E-04   -1.705122E-04
   -6.008734E-03   -4.284126E-03   -3.472010E-03   -1.171114E-03   -3.539954E-04   -1.281888E-04
   -5.910162E-03   -3.971363E-03   -3.273920E-03   -1.179651E-03   -3.695367E-04    1.924533E-04
   -5.813156E-03   -3.667197E-03   -3.077385E-03   -1.084975E-03   -3.160347E-04    3.829301E-03
   -5.717727E-03   -3.379456E-03   -2.902300E-03   -9.410662E-04   -3.970976E-04   -1.690876E-04
   -5.623885E-03   -3.115561E-03   -2.766854E-03   -9.148356E-04   -4.005673E-04   -1.332716E-04
   -5.531644E-03   -2.882198E-03   -2.685310E-03   -1.000507E-03   -2.710840E-04   -2.283686E-04
   -5.441013E-03   -2.684988E-03   -2.665968E-03   -1.357656E-03   -3.522522E-04   -9.902425E-05
   -5.352007E-03   -2.528153E-03   -2.710089E-03   -1.409382E-03   -2.794610E-04   -1.526293E-04
   -5.264638E-03   -2.414246E-03   -2.810495E-03   -1.089213E-03   -3.200617E-04   -2.166722E-04
   -5.178921E-03   -2.343903E-03   -2.952507E-03   -8.120274E-04   -2.304229E-04   -3.583741E-04
   -5.094870E-03   -2.315698E-03   -3.114886E-03   -6.484405E-04   -3.574528E-04   -1.261907E-04
   -5.012501E-03   -2.326090E-03   -3.272098E-03   -8.717139E-04   -2.958485E-04   -1.156527E-04
   -4.931831E-03   -2.369501E-03   -3.397300E-03   -1.022218E-03   -3.432950E-04   -1.473183E-04
   -4.852878E-03   -2.438519E-03   -3.465770E-03   -9.490505E-04   -1.584949E-04   -9.907044E-05
   -4.775663E-03   -2.524285E-03   -3.458349E-03   -8.041963E-04   -3.670462E-04   -1.129483E-04
   -4.700205E-03   -2.616948E-03   -3.364408E-03   -8.578629E-04   -2.555916E-04   -1.523376E-04
   -4.626529E-03   -2.706317E-03   -3.184010E-03   -9.643511E-04    1.160920E-04    1.098271E-04
   -4.554658E-03   -2.782524E-03   -2.928396E-03   -1.102076E-03   -2.177785E-04   -1.861061E-04
   -4.484620E-03   -2.836802E-03   -2.619372E-03   -9.068536E-04    6.578831E-05   -1.308838E-04
   -4.416443E-03   -2.862251E-03   -2.286873E-03   -5.972770E-04    1.692258E-04   -2.283800E-04
   -4.350159E-03   -2.854380E-03   -1.964841E-03   -6.082187E-04   -2.676785E-04   -9.954556E-04
   -4.285801E-03   -2.811715E-03   -1.686966E-03   -7.297176E-04   -2.390346E-04   -3.130698E-04
   -4.223406E-03   -2.736002E-03   -1.482074E-03   -8.620032E-04   -2.730059E-04   -1.397998E-04
   -4.163014E-03   -2.632386E-03   -1.368558E-03   -8.426660E-04   -1.938407E-04   -1.075236E-04
   -4.104666E-03   -2.508836E-03   -1.353134E-03   -7.876007E-04   -2.129103E-04   -1.536032E-04
   -4.048410E-03   -2.375812E-03   -1.428199E-03   -7.522961E-04   -2.719723E-04   -1.186157E-04
   -3.994296E-03   -2.245253E-03   -1.573591E-03   -7.769801E-04    3.968032E-04   -2.973097E-04
   -3.942376E-03   -2.129477E-03   -1.759659E-03   -7.140726E-04   -1.270422E-04   -1.717510E-04
   -3.892709E-03   -2.039860E-03   -1.952158E-03   -3.966961E-04   -2.174550E-04   -1.227777E-04
   -3.845359E-03   -1.985788E-03   -2.118039E-03   -5.192420E-04   -2.188087E-04   -1.828047E-04
   -3.800392E-03   -1.973043E-03   -2.231110E-03   -6.176947E-04    2.990846E-04   -7.102778E-05
   -3.757880E-03   -2.003324E-03   -2.276488E-03   -8.212348E-04   -1.910902E-04   -1.802921E-04
   -3.717903E-03   -2.073564E-03   -2.252957E-03   -7.964615E-04   -1.992678E-04   -9.976055E-05
   -3.680545E-03   -2.175952E-03   -2.172683E-03   -6.338041E-04   -1.688389E-04   -2.907223E-03
   -3.645895E-03   -2.298514E-03   -2.058297E-03   -5.781802E-04   -2.410347E-04   -1.033677E-04
   -3.614052E-03   -2.426221E-03   -1.937858E-03   -5.957395E-04   -1.871722E-04   -4.941380E-04
   -3.585120E-03   -2.542587E-03   -1.840175E-03    7.339394E-04   -7.823483E-05   -1.076959E-04
   -3.559212E-03   -2.631580E-03   -1.783392E-03   -5.103003E-04   -1.566979E-04   -2.582488E-04
   -3.536447E-03   -2.679641E-03   -1.778443E-03   -5.836828E-04   -3.996377E-05   -1.691354E-04
   -3.516956E-03   -2.677558E-03   -1.822261E-03   -7.608383E-04   -2.669352E-05   -8.029102E-05
   -3.500877E-03   -2.621369E-03   -1.899612E-03   -6.813936E-04   -1.124821E-04    3.795698E-05
   -3.488358E-03   -2.515928E-03   -1.987424E-03   -5.611750E-04    9.791050E-06   -1.694832E-03
   -3.479560E-03   -2.369478E-03   -2.060130E-03   -5.787102E-04   -2.078657E-04   -1.468113E-03
   -3.474652E-03   -2.197979E-03   -2.095908E-03   -6.343285E-04   -2.095613E-04    4.687115E-05
   -3.473818E-03   -2.020978E-03   -2.081905E-03   -3.196101E-04   -2.087789E-04   -1.135001E-04
   -3.477253E-03   -1.859262E-03   -2.017306E-03   -5.875548E-04   -1.910829E-04   -3.497539E-04
   -3.485166E-03   -1.732447E-03   -1.913475E-03   -6.802134E-04   -1.444751E-04    2.463713E-05
   -3.497782E-03   -1.656396E-03   -1.791304E-03   -7.001214E-04    1.226233E-04   -2.366778E-05
   -3.515339E-03   -1.640373E-03   -1.675559E-03   -6.433058E-04   -1.357896E-04   -1.020292E-04
   -3.538094E-03   -1.685994E-03   -1.593236E-03   -5.409736E-04   -2.196639E-04    8.523112E-05
   -3.566321E-03   -1.786842E-03   -1.561187E-03    8.037667E-04   -2.222926E-04   -1.692641E-03
   -3.600311E-03   -1.929419E-03   -1.589309E-03   -3.017988E-04   -1.951238E-04   -1.031001E-04
   -3.640377E-03   -2.095256E-03   -1.676007E-03   -6.601064E-04   -1.374675E-04   -1.686641E-03
   -3.686851E-03   -2.263906E-03   -1.808843E-03   -7.220184E-04   -2.127364E-04   -8.198444E-06
   -3.740091E-03   -2.416321E-03   -1.969310E-03   -7.641271E-04   -2.798566E-05    1.883601E-04
   -3.800475E-03   -2.538056E-03   -2.134637E-03   -6.380031E-04   -1.424179E-04   -1.136384E-04
   -3.868410E-03   -2.621696E-03   -2.283108E-03   -6.246343E-04   -2.755276E-04   -2.190457E-04
   -3.944326E-03   -2.668049E-03   -2.397890E-03   -7.979768E-04   -4.258659E-04    5.269538E-04
   -4.028686E-03   -2.685815E-03   -2.470284E-03   -7.793811E-04   -2.372542E-04    4.944234E-05
   -4.121980E-03   -2.689776E-03   -2.502177E-03   -7.678855E-04   -1.080587E-03   -1.203156E-04
   -4.224733E-03   -2.697797E-03   -2.503764E-03   -8.258550E-04    1.395411E-03   -9.410882E-03
   -4.337503E-03   -2.728033E-03   -2.496232E-03   -8.145661E-04   -2.683293E-04   -1.356470E-04
   -4.460885E-03   -2.791429E-03   -2.502880E-03   -8.070686E-04   -2.339370E-04   -1.280124E-04
   -4.595512E-03   -2.898601E-03   -2.543820E-03   -8.223787E-04   -6.177138E-04   -3.318863E-04
   -4.742060E-03   -3.044846E-03   -2.625883E-03   -8.923021E-04    2.971051E-03    1.742060E-03
   -4.901247E-03   -3.221890E-03   -2.756578E-03   -4.970174E-04   -4.197701E-03   -1.520838E-04
   -5.073836E-03   -3.418881E-03   -2.912855E-03   -9.711295E-04   -3.012987E-04   -6.591998E-05
   -5.260643E-03   -3.616773E-03   -3.067492E-03   -1.042106E-03   -3.353826E-04   -2.587337E-03
   -5.462532E-03   -3.802146E-03   -3.198519E-03   -9.970532E-04   -9.184399E-05   -2.251673E-03
   -5.680423E-03   -3.965427E-03   -3.294804E-03   -7.966623E-04   -3.452480E-04   -4.849681E-04
   -5.915296E-03   -4.104069E-03   -3.365228E-03   -1.226253E-03   -6.140444E-04    9.094859E-04
   -6.168189E-03   -4.223282E-03   -3.440914E-03   -1.188695E-03    1.104577E-03   -6.163084E-05
   -6.440207E-03   -4.334311E-03   -3.559731E-03   -1.303048E-03   -3.837211E-03   -8.496974E-05
   -6.732525E-03   -4.454254E-03   -3.754536E-03   -1.263219E-03   -4.557990E-04   -2.772182E-03
   -7.046386E-03   -4.598503E-03   -4.054580E-03   -1.433217E-03   -3.019268E-04   -2.759184E-03
   -7.383114E-03   -4.784274E-03   -4.404350E-03   -1.134690E-03   -5.033326E-04   -4.063323E-03
   -7.744110E-03   -5.020487E-03   -4.774377E-03   -1.550432E-03   -5.172019E-04   -2.112735E-04
   -8.130863E-03   -5.312175E-03   -5.099202E-03   -1.603400E-03   -2.040873E-03   -2.842081E-03
   -8.544948E-03   -5.657222E-03   -5.355945E-03   -1.802453E-03    1.612104E-04   -4.439551E-04
   -8.988035E-03   -6.047936E-03   -5.525791E-03    2.362587E-03   -7.246792E-04   -3.004935E-04
   -9.461892E-03   -6.472597E-03   -5.710912E-03   -1.841717E-03   -2.580880E-03   -2.431153E-04
   -9.968392E-03   -6.917661E-03   -5.794337E-03   -2.159539E-04   -3.284890E-04    8.344130E-04
   -1.050951E-02   -7.370282E-03   -6.179470E-03   -1.751611E-03   -8.203174E-04   -4.072488E-04
   -1.108735E-02   -7.821228E-03   -6.576916E-03   -2.368947E-03   -7.479295E-04   -3.532955E-04
   -1.170412E-02   -8.265489E-03   -7.035502E-03   -2.421663E-03   -5.030233E-04    8.284091E-04
   -1.236214E-02   -8.707310E-03   -7.516846E-03   -2.578555E-03   -8.519979E-04    5.066380E-03
   -1.306389E-02   -9.157083E-03   -7.976953E-03   -2.700694E-03   -8.769352E-04    3.005669E-04
   -1.381195E-02   -9.631561E-03   -8.403295E-03   -2.685702E-03   -8.286130E-04   -2.757733E-01
   -1.460907E-02   -1.015070E-02   -8.836695E-03   -3.132266E-03   -9.885640E-04   -8.138222E-04
   -1.545812E-02   -1.072908E-02   -9.325096E-03   -3.202756E-03   -5.132372E-04   -8.304303E-04
   -1.636213E-02   -1.137846E-02   -9.907862E-03   -3.474344E-03   -1.106364E-03   -3.491745E-04
   -1.732428E-02   -1.209563E-02   -1.059073E-02   -3.654467E-03   -2.155856E-03   -7.268457E-04
   -1.834789E-02   -1.286786E-02   -1.133814E-02   -3.626851E-03   -1.230083E-03   -1.738593E-03
   -1.943646E-02   -1.367514E-02   -1.209501E-02   -4.110176E-03   -1.215300E-03    7.022779E-05
   -2.059366E-02   -1.450010E-02   -1.281625E-02   -4.367139E-03   -1.733992E-03   -1.130293E-03
   -2.182330E-02   -1.534298E-02   -1.352073E-02   -4.662197E-03   -4.279889E-03   -6.827778E-04
   -2.312936E-02   -1.619586E-02   -1.419349E-02   -4.949355E-03   -1.518352E-03   -4.060651E-04
   -2.451602E-02   -1.710158E-02   -1.498761E-02   -5.238191E-03    1.596857E-03   -5.093803E-02
   -2.598759E-02   -1.808981E-02   -1.585458E-02   -4.797361E-03    3.264741E-02   -2.097102E-04
   -2.754857E-02   -1.919440E-02   -1.683434E-02   -5.767977E-03   -1.478580E-03   -8.147449E-04
   -2.920360E-02   -2.043434E-02   -1.793315E-02   -6.242716E-03    5.093678E-03   -1.052877E-03
   -3.095750E-02   -2.179442E-02   -1.907044E-02   -6.639227E-03   -2.099416E-03   -6.111370E-03
   -3.281524E-02   -2.324537E-02   -2.029319E-02   -6.977755E-03   -3.350597E-03   -1.508635E-02
   -3.478193E-02   -2.474050E-02   -2.152025E-02   -7.166243E-03   -2.366688E-03   -1.592786E-03
   -3.686280E-02   -2.626170E-02   -2.228618E-02   -7.880385E-03   -2.512111E-03   -1.948150E-02
   -3.906323E-02   -2.777205E-02   -2.412448E-02   -8.384093E-03    1.630832E-03   -5.263297E-04
   -4.138869E-02   -2.930065E-02   -2.557784E-02   -8.693535E-03   -7.568297E-03   -1.637847E-03
   -4.384474E-02   -3.092901E-02   -2.718289E-02   -7.676899E-03   -4.539028E-03    4.912234E-04
   -4.643699E-02   -3.179974E-02   -2.884480E-02   -9.768694E-03   -3.182114E-03   -2.161324E-03
   -4.917111E-02   -3.462418E-02   -3.054556E-02   -1.011090E-02   -3.378455E-03   -1.015993E-03
   -5.205278E-02   -3.671231E-02   -3.221457E-02   -1.074445E-02   -3.588141E-03   -1.721525E-03
   -5.508764E-02   -3.894690E-02   -3.357665E-02   -1.188373E-02   -3.089641E-04   -1.804516E-03
   -5.828131E-02   -4.128591E-02   -3.587252E-02   -1.246083E-02   -4.076155E-03   -2.058239E-03
   -6.163927E-02   -4.367618E-02   -3.799473E-02   -1.318507E-02   -5.179182E-03   -2.084833E-03
   -6.516688E-02   -4.612116E-02   -4.032513E-02   -1.247179E-02   -4.502409E-03   -2.065919E-03
   -6.886929E-02   -4.865586E-02   -4.277490E-02   -1.416045E-02   -3.349264E-03   -2.273394E-03
   -7.275142E-02   -5.134747E-02   -4.517645E-02   -1.593161E-02   -5.025136E-03   -1.208803E-03
   -7.681787E-02   -5.425730E-02   -4.765082E-02   -1.648116E-02   -3.434027E-02   -2.558169E-03
   -8.107289E-02   -5.736361E-02   -5.015237E-02   -1.742361E-02   -4.384411E-03   -2.697151E-03
   -8.552026E-02   -6.062093E-02   -5.296920E-02   -1.840406E-02   -5.869547E-03   -3.142152E-03
   -9.016330E-02   -6.406067E-02   -5.592585E-02   -1.866499E-02   -6.392350E-03   -3.830973E-03
   -9.500471E-02   -6.757725E-02   -5.902943E-02   -2.015712E-02   -1.928069E-02   -2.922660E-03
   -1.000466E-01   -7.109830E-02   -6.212515E-02   -2.075307E-02   -4.814295E-03   -3.244615E-03
   -1.052902E-01   -7.472275E-02   -6.523103E-02   -2.263308E-02   -9.592713E-03   -3.294620E-03
   -1.107361E-01   -7.844618E-02   -6.845766E-02   -2.381675E-02   -7.563262E-03   -4.839039E-03
   -1.163840E-01   -8.233244E-02   -7.194334E-02   -2.500519E-02   -7.659555E-03   -3.503838E-03
   -1.222325E-01   -8.642984E-02   -7.550261E-02   -2.632028E-02   -1.020191E-02   -6.683573E-04
   -1.282793E-01   -9.074960E-02   -7.973800E-02   -2.764574E-02   -9.195232E-03   -4.249304E-03
   -1.345209E-01   -9.526815E-02   -8.371718E-02   -2.892779E-02    2.254382E-02   -4.538458E-03
   -1.409527E-01   -9.993162E-02   -8.766193E-02   -2.902551E-02   -9.929632E-03   -4.576526E-03
   -1.475689E-01   -1.047058E-01   -9.152821E-02   -3.184099E-02   -9.746288E-03   -2.279839E-03
   -1.543624E-01   -1.094963E-01   -9.557262E-02   -3.323146E-02   -1.279808E-02   -4.075030E-03
   -1.613248E-01   -1.144200E-01   -1.000312E-01   -3.461390E-02   -2.766150E-02   -1.364617E-03
   -1.684463E-01   -1.175513E-01   -1.044518E-01   -3.625287E-02   -1.175418E-02   -5.716697E-03
   -1.757160E-01   -1.245271E-01   -1.090382E-01   -3.764943E-02   -1.215592E-02   -5.821252E-03
   -1.831214E-01   -1.298012E-01   -1.136316E-01   -3.879574E-02   -1.288092E-02   -5.363167E-03
   -1.906488E-01   -1.353063E-01   -1.181851E-01   -4.095630E-02   -1.310625E-02   -6.202610E-03
   -1.982833E-01   -1.408924E-01   -1.228233E-01   -4.272836E-02   -1.395135E-02   -7.530580E-03
   -2.060087E-01   -1.465267E-01   -1.275710E-01   -4.440001E-02   -1.440936E-02   -8.013167E-03
   -2.138077E-01   -1.520482E-01   -1.327542E-01   -4.610356E-02   -1.394335E-02   -7.725966E-03
   -2.216617E-01   -1.574042E-01   -1.380625E-01   -4.772277E-02   -1.812980E-02   -7.683716E-03
   -2.295516E-01   -1.626113E-01   -1.428634E-01   -4.933791E-02   -1.567150E-02   -7.842586E-03
   -2.374571E-01   -1.677192E-01   -1.476503E-01   -4.725634E-02   -1.552146E-02   -7.893996E-03
   -2.453573E-01   -1.729948E-01   -1.520362E-01   -5.289264E-02   -1.612909E-02   -7.743947E-03
   -2.532307E-01   -1.785123E-01   -1.564992E-01   -5.458152E-02   -1.700434E-02   -8.432533E-03
   -2.610555E-01   -1.842900E-01   -1.611929E-01   -5.630683E-02   -1.841704E-02   -2.308001E-03
   -2.688097E-01   -1.902793E-01   -1.664854E-01   -5.800997E-02   -1.756243E-02   -8.917866E-03
   -2.764709E-01   -1.962772E-01   -1.717678E-01   -5.499179E-02   -1.892619E-02   -1.055022E-02
   -2.840173E-01   -2.021656E-01   -1.765939E-01   -6.117789E-02   -1.364400E-02   -9.858047E-03
   -2.914269E-01   -2.077615E-01   -1.807137E-01   -6.308756E-02   -1.985394E-02   -1.063962E-02
   -2.986785E-01   -2.130087E-01   -1.844400E-01   -6.091184E-02   -2.101786E-02   -1.001569E-02
   -3.057513E-01   -2.179902E-01   -1.881940E-01   -6.209314E-02   -2.202992E-02   -1.172614E-02
   -3.126253E-01   -2.229838E-01   -1.921097E-01   -6.704638E-02   -1.943379E-02   -1.071352E-02
   -3.192813E-01   -2.289005E-01   -1.958797E-01   -7.011689E-02   -2.195921E-02   -1.337272E-02
   -3.257002E-01   -2.394884E-01   -1.971152E-01   -6.740053E-02   -1.969120E-02   -1.131034E-02
   -3.318534E-01   -2.795740E-01   -1.819903E-01   -7.172968E-02   -2.234109E-02   -1.153841E-02
   -3.375169E-01   -6.268434E-01   -5.876661E-03   -7.437509E-02   -2.466918E-02   -1.200981E-02
   -3.322634E-01   -8.299529E+00    4.189603E+00   -7.874629E-02   -2.525226E-02   -1.187706E-02
    6.190439E+00   -5.645844E+02    7.809752E+02   -4.839777E-01   -2.391836E-02   -2.106101E-02
