    0.000000E+00    0.000000E+00    0.000000E+00    0.000000E+00    0.000000E+00    0.000000E+00
    0.000000E+00    0.000000E+00    0.000000E+00    0.000000E+00    0.000000E+00    0.000000E+00
    0.000000E+00    0.000000E+00    0.000000E+00    0.000000E+00    0.000000E+00    0.000000E+00
    0.000000E+00    0.000000E+00    0.000000E+00    0.000000E+00    0.000000E+00    0.000000E+00
    0.000000E+00    0.000000E+00    0.000000E+00    0.000000E+00    0.000000E+00    0.000000E+00
    0.000000E+00    0.000000E+00    0.000000E+00    0.000000E+00    0.000000E+00    0.000000E+00
    0.000000E+00    0.000000E+00    0.000000E+00    0.000000E+00    0.000000E+00    0.000000E+00
    0.000000E+00    0.000000E+00    0.000000E+00    0.000000E+00    0.000000E+00    0.000000E+00
    0.000000E+00    0.000000E+00    0.000000E+00    0.000000E+00    0.000000E+00    0.000000E+00
    0.000000E+00    0.000000E+00    0.000000E+00    0.000000E+00    0.000000E+00    0.000000E+00
    0.000000E+00    0.000000E+00    0.000000E+00    0.000000E+00    0.000000E+00    0.000000E+00
    0.000000E+00    0.000000E+00    0.000000E+00    0.000000E+00    0.000000E+00    0.000000E+00
    0.000000E+00    0.000000E+00    0.000000E+00    0.000000E+00    0.000000E+00    0.000000E+00
    0.000000E+00    0.000000E+00    0.000000E+00    0.000000E+00    0.000000E+00    0.000000E+00
    0.000000E+00    0.000000E+00    0.000000E+00    0.000000E+00    0.000000E+00    0.000000E+00
    0.000000E+00    0.000000E+00    0.000000E+00    0.000000E+00    0.000000E+00    0.000000E+00
    0.000000E+00    0.000000E+00    0.000000E+00    0.000000E+00    0.000000E+00    0.000000E+00
    0.000000E+00    0.000000E+00    0.000000E+00    0.000000E+00    0.000000E+00    0.000000E+00
    0.000000E+00    0.000000E+00    0.000000E+00    0.000000E+00    0.000000E+00    0.000000E+00
    0.000000E+00    0.000000E+00    0.000000E+00    0.000000E+00    0.000000E+00    0.000000E+00
    0.000000E+00    0.000000E+00    0.000000E+00    0.000000E+00    0.000000E+00    0.000000E+00
    0.000000E+00    0.000000E+00    0.000000E+00    0.000000E+00    0.000000E+00    0.000000E+00
    0.000000E+00    0.000000E+00    0.000000E+00    0.000000E+00    0.000000E+00    0.000000E+00
    0.000000E+00    0.000000E+00    0.000000E+00    0.000000E+00    0.000000E+00    0.000000E+00
    0.000000E+00    0.000000E+00    0.000000E+00    0.000000E+00    0.000000E+00    0.000000E+00
    0.000000E+00    0.000000E+00    0.000000E+00    0.000000E+00    0.000000E+00    0.000000E+00
    0.000000E+00    0.000000E+00    0.000000E+00    0.000000E+00    0.000000E+00    0.000000E+00
    0.000000E+00    0.000000E+00    0.000000E+00    0.000000E+00    0.000000E+00    0.000000E+00
    0.000000E+00    0.000000E+00    0.000000E+00    0.000000E+00    0.000000E+00    0.000000E+00
    0.000000E+00    0.000000E+00    0.000000E+00    0.000000E+00    0.000000E+00    0.000000E+00
    0.000000E+00    0.000000E+00    0.000000E+00    0.000000E+00    0.000000E+00    0.000000E+00
    0.000000E+00    0.000000E+00    0.000000E+00    0.000000E+00    0.000000E+00    0.000000E+00
    0.000000E+00    0.000000E+00    0.000000E+00    0.000000E+00    0.000000E+00    0.000000E+00
    0.000000E+00    0.000000E+00    0.000000E+00    0.000000E+00    0.000000E+00    0.000000E+00
    0.000000E+00    0.000000E+00    0.000000E+00    0.000000E+00    0.000000E+00    0.000000E+00
    0.000000E+00    0.000000E+00    0.000000E+00    0.000000E+00    0.000000E+00    0.000000E+00
    0.000000E+00    0.000000E+00    0.000000E+00    0.000000E+00    0.000000E+00    0.000000E+00
    0.000000E+00    0.000000E+00    0.000000E+00    0.000000E+00    0.000000E+00    0.000000E+00
    0.000000E+00    0.000000E+00    0.000000E+00    0.000000E+00    0.000000E+00    0.000000E+00
    0.000000E+00    0.000000E+00    0.000000E+00    0.000000E+00    0.000000E+00    0.000000E+00
    0.000000E+00    0.000000E+00    0.000000E+00    0.000000E+00    0.000000E+00    0.000000E+00
    0.000000E+00    0.000000E+00    0.000000E+00    0.000000E+00    0.000000E+00    0.000000E+00
    0.000000E+00    0.000000E+00    0.000000E+00    0.000000E+00    0.000000E+00    0.000000E+00
    0.000000E+00    0.000000E+00    0.000000E+00    0.000000E+00    0.000000E+00    0.000000E+00
    0.000000E+00    0.000000E+00    0.000000E+00    0.000000E+00    0.000000E+00    0.000000E+00
    0.000000E+00    0.000000E+00    0.000000E+00    0.000000E+00    0.000000E+00    0.000000E+00
    0.000000E+00    0.000000E+00    0.000000E+00    0.000000E+00    0.000000E+00    0.000000E+00
    0.000000E+00    0.000000E+00    0.000000E+00    0.000000E+00    0.000000E+00    0.000000E+00
    0.000000E+00    0.000000E+00    0.000000E+00    0.000000E+00    0.000000E+00    0.000000E+00
    0.000000E+00    0.000000E+00    0.000000E+00    0.000000E+00    0.000000E+00    0.000000E+00
    0.000000E+00    0.000000E+00    0.000000E+00    0.000000E+00    0.000000E+00    0.000000E+00
    0.000000E+00    0.000000E+00    0.000000E+00    0.000000E+00    0.000000E+00    0.000000E+00
    0.000000E+00    0.000000E+00    0.000000E+00    0.000000E+00    0.000000E+00    0.000000E+00
    0.000000E+00    0.000000E+00    0.000000E+00    0.000000E+00    0.000000E+00    0.000000E+00
    0.000000E+00    0.000000E+00    0.000000E+00    0.000000E+00    0.000000E+00    0.000000E+00
    0.000000E+00    0.000000E+00    0.000000E+00    0.000000E+00    0.000000E+00    0.000000E+00
    0.000000E+00    0.000000E+00    0.000000E+00    0.000000E+00    0.000000E+00    0.000000E+00
    0.000000E+00    0.000000E+00    0.000000E+00    0.000000E+00    0.000000E+00    0.000000E+00
    0.000000E+00    0.000000E+00    0.000000E+00    0.000000E+00    0.000000E+00    0.000000E+00
    0.000000E+00    0.000000E+00    0.000000E+00    0.000000E+00    0.000000E+00    0.000000E+00
    0.000000E+00    0.000000E+00    0.000000E+00    0.000000E+00    0.000000E+00    0.000000E+00
    0.000000E+00    0.000000E+00    0.000000E+00    0.000000E+00    0.000000E+00    0.000000E+00
    0.000000E+00    0.000000E+00    0.000000E+00    0.000000E+00    0.000000E+00    0.000000E+00
    0.000000E+00    0.000000E+00    0.000000E+00    0.000000E+00    0.000000E+00    0.000000E+00
    0.000000E+00    0.000000E+00    0.000000E+00    0.000000E+00    0.000000E+00    0.000000E+00
    0.000000E+00    0.000000E+00    0.000000E+00    0.000000E+00    0.000000E+00    0.000000E+00
    0.000000E+00    0.000000E+00    0.000000E+00    0.000000E+00    0.000000E+00    0.000000E+00
    0.000000E+00    0.000000E+00    0.000000E+00    0.000000E+00    0.000000E+00    0.000000E+00
    0.000000E+00    0.000000E+00    0.000000E+00    0.000000E+00    0.000000E+00    0.000000E+00
    0.000000E+00    0.000000E+00    0.000000E+00    0.000000E+00    0.000000E+00    0.000000E+00
    0.000000E+00    0.000000E+00    0.000000E+00    0.000000E+00    0.000000E+00    0.000000E+00
    0.000000E+00    0.000000E+00    0.000000E+00    0.000000E+00    0.000000E+00    0.000000E+00
    0.000000E+00    0.000000E+00    0.000000E+00    0.000000E+00    0.000000E+00    0.000000E+00
    0.000000E+00    0.000000E+00    0.000000E+00    0.000000E+00    0.000000E+00    0.000000E+00
    0.000000E+00    0.000000E+00    0.000000E+00    0.000000E+00    0.000000E+00    0.000000E+00
    0.000000E+00    0.000000E+00    0.000000E+00    0.000000E+00    0.000000E+00    0.000000E+00
    0.000000E+00    0.000000E+00    0.000000E+00    0.000000E+00    0.000000E+00    0.000000E+00
    0.000000E+00    0.000000E+00    0.000000E+00    0.000000E+00    0.000000E+00    0.000000E+00
    0.000000E+00    0.000000E+00    0.000000E+00    0.000000E+00    0.000000E+00    0.000000E+00
    0.000000E+00    0.000000E+00    0.000000E+00    0.000000E+00    0.000000E+00    0.000000E+00
    0.000000E+00    0.000000E+00    0.000000E+00    0.000000E+00    0.000000E+00    0.000000E+00
    0.000000E+00    0.000000E+00    0.000000E+00    0.000000E+00    0.000000E+00    0.000000E+00
    0.000000E+00    0.000000E+00    0.000000E+00    0.000000E+00    0.000000E+00    0.000000E+00
    0.000000E+00    0.000000E+00    0.000000E+00    0.000000E+00    0.000000E+00    0.000000E+00
    0.000000E+00    0.000000E+00    0.000000E+00    0.000000E+00    0.000000E+00    0.000000E+00
    0.000000E+00    0.000000E+00    0.000000E+00    0.000000E+00    0.000000E+00    0.000000E+00
    0.000000E+00    0.000000E+00    0.000000E+00    0.000000E+00    0.000000E+00    0.000000E+00
    0.000000E+00    0.000000E+00    0.000000E+00    0.000000E+00    0.000000E+00    0.000000E+00
    0.000000E+00    0.000000E+00    0.000000E+00    0.000000E+00    0.000000E+00    0.000000E+00
    0.000000E+00    0.000000E+00    0.000000E+00    0.000000E+00    0.000000E+00    0.000000E+00
    0.000000E+00    0.000000E+00    0.000000E+00    0.000000E+00    0.000000E+00    0.000000E+00
    0.000000E+00    0.000000E+00    0.000000E+00    0.000000E+00    0.000000E+00    0.000000E+00
    0.000000E+00    0.000000E+00    0.000000E+00    0.000000E+00    0.000000E+00    0.000000E+00
    0.000000E+00    0.000000E+00    0.000000E+00    0.000000E+00    0.000000E+00    0.000000E+00
    0.000000E+00    0.000000E+00    0.000000E+00    0.000000E+00    0.000000E+00    0.000000E+00
    0.000000E+00    0.000000E+00    0.000000E+00    0.000000E+00    0.000000E+00    0.000000E+00
    0.000000E+00    0.000000E+00    0.000000E+00    0.000000E+00    0.000000E+00    0.000000E+00
    0.000000E+00    0.000000E+00    0.000000E+00    0.000000E+00    0.000000E+00    0.000000E+00
    0.000000E+00    0.000000E+00    0.000000E+00    0.000000E+00    0.000000E+00    0.000000E+00
    0.000000E+00    0.000000E+00    0.000000E+00    0.000000E+00    0.000000E+00    0.000000E+00
    0.000000E+00    0.000000E+00    0.000000E+00    0.000000E+00    0.000000E+00    0.000000E+00
    0.000000E+00    0.000000E+00    0.000000E+00    0.000000E+00    0.000000E+00    0.000000E+00
    1.313152E-01    2.542477E-01    3.407957E-01    7.319648E-01    7.115389E-01    3.119793E-01
    6.928589E-02    2.033871E-01    2.976636E-01    7.225293E-01    4.866727E-01    9.091544E-02
    4.693721E-02    1.844982E-01    2.808907E-01    6.955144E-01    3.425206E-01    3.211931E-02
    3.882028E-02    1.770854E-01    2.735918E-01    6.637353E-01    2.510912E-01    1.461592E-02
    3.584487E-02    1.738277E-01    2.697353E-01    6.316705E-01    1.932862E-01    7.544831E-03
    3.473684E-02    1.720881E-01    2.671484E-01    6.008393E-01    1.566128E-01    3.128023E-03
    3.431907E-02    1.709182E-01    2.650496E-01    5.716994E-01    1.330819E-01   -5.617862E-04
    3.416303E-02    1.699727E-01    2.631541E-01    5.443348E-01    1.176558E-01   -3.985689E-03
    3.411134E-02    1.691246E-01    2.613570E-01    5.186990E-01    1.071877E-01   -7.242355E-03
    3.411395E-02    1.683333E-01    2.596243E-01    4.946988E-01    9.972351E-02   -1.034232E-02
    3.415217E-02    1.675833E-01    2.579430E-01    4.722321E-01    9.405844E-02   -1.327575E-02
    3.421019E-02    1.668617E-01    2.563022E-01    4.512016E-01    8.945541E-02   -1.602937E-02
    3.428213E-02    1.661637E-01    2.546976E-01    4.315118E-01    8.546472E-02   -1.858980E-02
    3.436706E-02    1.654880E-01    2.531280E-01    4.130706E-01    8.181397E-02   -2.094454E-02
    3.449190E-02    1.648557E-01    2.516098E-01    3.957787E-01    7.833588E-02   -2.308026E-02
    3.464743E-02    1.642591E-01    2.501366E-01    3.795595E-01    7.493630E-02   -2.498723E-02
    3.481996E-02    1.636871E-01    2.486990E-01    3.643434E-01    7.156238E-02   -2.665777E-02
    3.500447E-02    1.631356E-01    2.472935E-01    3.500616E-01    6.818458E-02   -2.808523E-02
    3.520078E-02    1.626041E-01    2.459193E-01    3.366476E-01    6.478766E-02   -2.926414E-02
    3.541418E-02    1.620966E-01    2.445793E-01    3.240366E-01    6.136487E-02   -3.019009E-02
    3.564134E-02    1.616101E-01    2.432710E-01    3.121721E-01    5.791608E-02   -3.086102E-02
    3.588049E-02    1.611430E-01    2.419926E-01    3.010004E-01    5.444426E-02   -3.127632E-02
    3.613139E-02    1.606950E-01    2.407437E-01    2.904711E-01    5.095412E-02   -3.143686E-02
    3.640091E-02    1.602710E-01    2.395279E-01    2.805338E-01    4.745096E-02   -3.134438E-02
    3.669627E-02    1.598764E-01    2.383490E-01    2.711416E-01    4.394097E-02   -3.100212E-02
    3.701051E-02    1.595055E-01    2.372023E-01    2.622565E-01    4.043207E-02   -3.041637E-02
    3.734091E-02    1.591559E-01    2.360855E-01    2.538417E-01    3.693189E-02   -2.959451E-02
    3.768685E-02    1.588269E-01    2.349980E-01    2.458620E-01    3.344792E-02   -2.854516E-02
    3.805239E-02    1.585214E-01    2.339414E-01    2.382828E-01    2.998744E-02   -2.727795E-02
    3.843817E-02    1.582395E-01    2.329158E-01    2.310734E-01    2.655795E-02   -2.580419E-02
    3.884291E-02    1.579801E-01    2.319199E-01    2.242060E-01    2.316702E-02   -2.413667E-02
    3.926661E-02    1.577428E-01    2.309530E-01    2.176544E-01    1.982198E-02   -2.228923E-02
    3.971021E-02    1.575281E-01    2.300154E-01    2.113940E-01    1.653007E-02   -2.027676E-02
    4.017727E-02    1.573384E-01    2.291084E-01    2.054010E-01    1.329837E-02   -1.811491E-02
    4.066780E-02    1.571735E-01    2.282317E-01    1.996547E-01    1.013391E-02   -1.582059E-02
    4.118179E-02    1.570330E-01    2.273847E-01    1.941361E-01    7.043522E-03   -1.341143E-02
    4.171986E-02    1.569171E-01    2.265671E-01    1.888274E-01    4.033843E-03   -1.090568E-02
    4.228318E-02    1.568264E-01    2.257791E-01    1.837119E-01    1.111299E-03   -8.322074E-03
    4.287337E-02    1.567618E-01    2.250212E-01    1.787743E-01   -1.717885E-03   -5.679697E-03
    4.349119E-02    1.567236E-01    2.242931E-01    1.740007E-01   -4.447745E-03   -2.997941E-03
    4.413761E-02    1.567122E-01    2.235949E-01    1.693782E-01   -7.072581E-03   -2.962817E-04
    4.481371E-02    1.567281E-01    2.229265E-01    1.648952E-01   -9.586971E-03    2.405864E-03
    4.552105E-02    1.567721E-01    2.222884E-01    1.605407E-01   -1.198577E-02    5.089288E-03
    4.626105E-02    1.568449E-01    2.216807E-01    1.563048E-01   -1.426415E-02    7.735114E-03
    4.703464E-02    1.569470E-01    2.211033E-01    1.521786E-01   -1.641766E-02    1.032495E-02
    4.784290E-02    1.570787E-01    2.205562E-01    1.481541E-01   -1.844218E-02    1.284106E-02
    4.868702E-02    1.572406E-01    2.200394E-01    1.442239E-01   -2.033399E-02    1.526648E-02
    4.956920E-02    1.574339E-01    2.195536E-01    1.403810E-01   -2.208965E-02    1.758517E-02
    5.049049E-02    1.576591E-01    2.190987E-01    1.366194E-01   -2.370622E-02    1.978213E-02
    5.145165E-02    1.579163E-01    2.186744E-01    1.329340E-01   -2.518122E-02    2.184355E-02
    5.245356E-02    1.582058E-01    2.182806E-01    1.293199E-01   -2.651261E-02    2.375690E-02
    5.349765E-02    1.585283E-01    2.179174E-01    1.257728E-01   -2.769875E-02    2.551105E-02
    5.458666E-02    1.588854E-01    2.175855E-01    1.222886E-01   -2.873828E-02    2.709628E-02
    5.572092E-02    1.592769E-01    2.172846E-01    1.188640E-01   -2.963061E-02    2.850452E-02
    5.690068E-02    1.597025E-01    2.170139E-01    1.154965E-01   -3.037564E-02    2.972931E-02
    5.812635E-02    1.601622E-01    2.167731E-01    1.121838E-01   -3.097373E-02    3.076590E-02
    5.940001E-02    1.606571E-01    2.165626E-01    1.089234E-01   -3.142555E-02    3.161113E-02
    6.072394E-02    1.611884E-01    2.163828E-01    1.057132E-01   -3.173222E-02    3.226355E-02
    6.209745E-02    1.617551E-01    2.162326E-01    1.025521E-01   -3.189572E-02    3.272356E-02
    6.352009E-02    1.623565E-01    2.161112E-01    9.943929E-02   -3.191853E-02    3.299326E-02
    6.499160E-02    1.629921E-01    2.160176E-01    9.637406E-02   -3.180358E-02    3.307637E-02
    6.651506E-02    1.636635E-01    2.159527E-01    9.335514E-02   -3.155380E-02    3.297801E-02
    6.809079E-02    1.643705E-01    2.159160E-01    9.038215E-02   -3.117300E-02    3.270496E-02
    6.971715E-02    1.651115E-01    2.159058E-01    8.745529E-02   -3.066568E-02    3.226553E-02
    7.139269E-02    1.658852E-01    2.159208E-01    8.457485E-02   -3.003676E-02    3.166932E-02
    7.311677E-02    1.666905E-01    2.159599E-01    8.174104E-02   -2.929143E-02    3.092705E-02
    7.489246E-02    1.675292E-01    2.160240E-01    7.895346E-02   -2.843480E-02    3.005022E-02
    7.671778E-02    1.683996E-01    2.161113E-01    7.621286E-02   -2.747299E-02    2.905156E-02
    7.858992E-02    1.692991E-01    2.162197E-01    7.352016E-02   -2.641259E-02    2.794451E-02
    8.050623E-02    1.702255E-01    2.163473E-01    7.087628E-02   -2.526042E-02    2.674305E-02
    8.246625E-02    1.711781E-01    2.164932E-01    6.828177E-02   -2.402324E-02    2.546137E-02
    8.447153E-02    1.721576E-01    2.166574E-01    6.573689E-02   -2.270782E-02    2.411381E-02
    8.651799E-02    1.731606E-01    2.168373E-01    6.324288E-02   -2.132180E-02    2.271500E-02
    8.860156E-02    1.741840E-01    2.170303E-01    6.080094E-02   -1.987291E-02    2.127935E-02
    9.071827E-02    1.752247E-01    2.172339E-01    5.841216E-02   -1.836892E-02    1.982094E-02
    9.286869E-02    1.762827E-01    2.174478E-01    5.607693E-02   -1.681710E-02    1.835323E-02
    9.505122E-02    1.773565E-01    2.176706E-01    5.379597E-02   -1.522498E-02    1.688915E-02
    9.726037E-02    1.784420E-01    2.178992E-01    5.157049E-02   -1.360044E-02    1.544102E-02
    9.949089E-02    1.795353E-01    2.181306E-01    4.940150E-02   -1.195118E-02    1.402025E-02
    1.017382E-01    1.806330E-01    2.183622E-01    4.728983E-02   -1.028460E-02    1.263726E-02
    1.040035E-01    1.817354E-01    2.185940E-01    4.523557E-02   -8.607356E-03    1.130143E-02
    1.062819E-01    1.828391E-01    2.188234E-01    4.323944E-02   -6.926453E-03    1.002117E-02
    1.085672E-01    1.839397E-01    2.190470E-01    4.130219E-02   -5.248685E-03    8.803800E-03
    1.108535E-01    1.850327E-01    2.192618E-01    3.942438E-02   -3.580427E-03    7.655524E-03
    1.131368E-01    1.861155E-01    2.194658E-01    3.760620E-02   -1.927466E-03    6.581430E-03
    1.154173E-01    1.871878E-01    2.196585E-01    3.584743E-02   -2.949316E-04    5.585656E-03
    1.176886E-01    1.882453E-01    2.198369E-01    3.414832E-02    1.311984E-03    4.671258E-03
    1.199443E-01    1.892834E-01    2.199979E-01    3.250895E-02    2.888595E-03    3.840370E-03
    1.221784E-01    1.902980E-01    2.201387E-01    3.092919E-02    4.430765E-03    3.094235E-03
    1.243887E-01    1.912876E-01    2.202580E-01    2.940850E-02    5.935066E-03    2.433333E-03
    1.265734E-01    1.922510E-01    2.203551E-01    2.794629E-02    7.398490E-03    1.857538E-03
    1.287263E-01    1.931839E-01    2.204270E-01    2.654208E-02    8.818301E-03    1.365919E-03
    1.308414E-01    1.940823E-01    2.204712E-01    2.519522E-02    1.019231E-02    9.570679E-04
    1.329138E-01    1.949432E-01    2.204856E-01    2.390483E-02    1.151883E-02    6.291030E-04
    1.349429E-01    1.957659E-01    2.204700E-01    2.266979E-02    1.279674E-02    3.798196E-04
    1.369252E-01    1.965484E-01    2.204229E-01    2.148900E-02    1.402517E-02    2.065830E-04
    1.388559E-01    1.972876E-01    2.203424E-01    2.036129E-02    1.520361E-02    1.065633E-04
    1.407306E-01    1.979808E-01    2.202269E-01    1.928534E-02    1.633194E-02    7.654853E-05
    1.425463E-01    1.986260E-01    2.200754E-01    1.825970E-02    1.741035E-02    1.131360E-04
    1.443020E-01    1.992229E-01    2.198876E-01    1.728283E-02    1.843927E-02    2.127749E-04
    1.459948E-01    1.997698E-01    2.196627E-01    1.635313E-02    1.941929E-02    3.716485E-04
    1.476221E-01    2.002652E-01    2.194000E-01    1.546895E-02    2.035119E-02    5.857237E-04
    1.491817E-01    2.007079E-01    2.190988E-01    1.462855E-02    2.123585E-02    8.507492E-04
    1.506716E-01    2.010969E-01    2.187589E-01    1.383015E-02    2.207421E-02    1.162242E-03
    1.520905E-01    2.014317E-01    2.183801E-01    1.307191E-02    2.286724E-02    1.515479E-03
    1.534376E-01    2.017121E-01    2.179626E-01    1.235199E-02    2.361585E-02    1.905459E-03
    1.547125E-01    2.019382E-01    2.175067E-01    1.166853E-02    2.432088E-02    2.327052E-03
    1.559152E-01    2.021103E-01    2.170130E-01    1.101969E-02    2.498305E-02    2.774714E-03
    1.570433E-01    2.022273E-01    2.164810E-01    1.040354E-02    2.560305E-02    3.242792E-03
    1.580966E-01    2.022894E-01    2.159114E-01    9.818180E-03    2.618134E-02    3.725449E-03
    1.590765E-01    2.022980E-01    2.153052E-01    9.261811E-03    2.671819E-02    4.216703E-03
    1.599847E-01    2.022546E-01    2.146638E-01    8.732687E-03    2.721364E-02    4.710548E-03
    1.608226E-01    2.021603E-01    2.139881E-01    8.229088E-03    2.766758E-02    5.200925E-03
    1.615867E-01    2.020136E-01    2.132778E-01    7.749084E-03    2.807986E-02    5.681928E-03
    1.622792E-01    2.018162E-01    2.125341E-01    7.291021E-03    2.845001E-02    6.147841E-03
    1.629030E-01    2.015704E-01    2.117591E-01    6.853393E-03    2.877731E-02    6.593238E-03
    1.634616E-01    2.012787E-01    2.109543E-01    6.434779E-03    2.906095E-02    7.013093E-03
    1.639555E-01    2.009421E-01    2.101210E-01    6.033684E-03    2.930003E-02    7.402895E-03
    1.643823E-01    2.005594E-01    2.092588E-01    5.648416E-03    2.949374E-02    7.758750E-03
    1.647459E-01    2.001336E-01    2.083698E-01    5.277772E-03    2.964095E-02    8.077418E-03
    1.650502E-01    1.996675E-01    2.074562E-01    4.920664E-03    2.974055E-02    8.356406E-03
    1.652988E-01    1.991637E-01    2.065198E-01    4.576097E-03    2.979145E-02    8.594017E-03
    1.654912E-01    1.986223E-01    2.055611E-01    4.242806E-03    2.979279E-02    8.789367E-03
    1.656276E-01    1.980441E-01    2.045810E-01    3.919641E-03    2.974377E-02    8.942426E-03
    1.657122E-01    1.974319E-01    2.035815E-01    3.605864E-03    2.964364E-02    9.053908E-03
    1.657487E-01    1.967883E-01    2.025644E-01    3.300818E-03    2.949185E-02    9.125253E-03
    1.657403E-01    1.961158E-01    2.015315E-01    3.003896E-03    2.928814E-02    9.158586E-03
    1.656865E-01    1.954144E-01    2.004832E-01    2.714197E-03    2.903259E-02    9.156598E-03
    1.655894E-01    1.946859E-01    1.994208E-01    2.431172E-03    2.872550E-02    9.122398E-03
    1.654527E-01    1.939327E-01    1.983460E-01    2.154469E-03    2.836751E-02    9.059421E-03
    1.652793E-01    1.931569E-01    1.972604E-01    1.883803E-03    2.795960E-02    8.971272E-03
    1.650716E-01    1.923604E-01    1.961652E-01    1.618887E-03    2.750317E-02    8.861576E-03
    1.648303E-01    1.915438E-01    1.950611E-01    1.359325E-03    2.700000E-02    8.733875E-03
    1.645579E-01    1.907090E-01    1.939494E-01    1.104993E-03    2.645223E-02    8.591454E-03
    1.642570E-01    1.898577E-01    1.928314E-01    8.558446E-04    2.586240E-02    8.437269E-03
    1.639298E-01    1.889916E-01    1.917081E-01    6.118816E-04    2.523341E-02    8.273803E-03
    1.635783E-01    1.881121E-01    1.905806E-01    3.731160E-04    2.456853E-02    8.103071E-03
    1.632040E-01    1.872202E-01    1.894497E-01    1.395916E-04    2.387138E-02    7.926540E-03
    1.628088E-01    1.863175E-01    1.883163E-01   -8.855569E-05    2.314585E-02    7.745123E-03
    1.623945E-01    1.854050E-01    1.871813E-01   -3.111513E-04    2.239613E-02    7.559252E-03
    1.619627E-01    1.844840E-01    1.860454E-01   -5.279835E-04    2.162662E-02    7.368862E-03
    1.615152E-01    1.835556E-01    1.849095E-01   -7.387628E-04    2.084190E-02    7.173509E-03
    1.610535E-01    1.826210E-01    1.837742E-01   -9.431970E-04    2.004671E-02    6.972464E-03
    1.605790E-01    1.816809E-01    1.826402E-01   -1.140988E-03    1.924583E-02    6.765092E-03
    1.600926E-01    1.807362E-01    1.815080E-01   -1.331813E-03    1.844411E-02    6.550331E-03
    1.595956E-01    1.797878E-01    1.803781E-01   -1.515306E-03    1.764633E-02    6.327454E-03
    1.590898E-01    1.788367E-01    1.792513E-01   -1.690995E-03    1.685721E-02    6.096299E-03
    1.585761E-01    1.778835E-01    1.781279E-01   -1.858484E-03    1.608133E-02    5.856621E-03
    1.580552E-01    1.769289E-01    1.770083E-01   -2.017378E-03    1.532304E-02    5.608917E-03
    1.575280E-01    1.759733E-01    1.758928E-01   -2.167266E-03    1.458648E-02    5.354270E-03
    1.569954E-01    1.750174E-01    1.747818E-01   -2.307677E-03    1.387546E-02    5.094382E-03
    1.564587E-01    1.740620E-01    1.736758E-01   -2.438086E-03    1.319349E-02    4.831512E-03
    1.559184E-01    1.731075E-01    1.725751E-01   -2.558060E-03    1.254367E-02    4.568801E-03
    1.553751E-01    1.721541E-01    1.714797E-01   -2.667161E-03    1.192870E-02    4.309798E-03
    1.548291E-01    1.712023E-01    1.703899E-01   -2.764948E-03    1.135082E-02    4.058456E-03
    1.542815E-01    1.702524E-01    1.693061E-01   -2.850903E-03    1.081184E-02    3.819088E-03
    1.537329E-01    1.693051E-01    1.682284E-01   -2.924541E-03    1.031310E-02    3.596297E-03
    1.531836E-01    1.683605E-01    1.671569E-01   -2.985432E-03    9.855438E-03    3.394609E-03
    1.526340E-01    1.674188E-01    1.660918E-01   -3.033149E-03    9.439227E-03    3.218186E-03
    1.520842E-01    1.664801E-01    1.650332E-01   -3.067262E-03    9.064398E-03    3.071733E-03
    1.515351E-01    1.655450E-01    1.639812E-01   -3.087291E-03    8.730425E-03    2.958413E-03
    1.509871E-01    1.646136E-01    1.629360E-01   -3.092825E-03    8.436363E-03    2.880517E-03
    1.504402E-01    1.636861E-01    1.618977E-01   -3.083482E-03    8.180882E-03    2.840188E-03
    1.498946E-01    1.627625E-01    1.608661E-01   -3.058892E-03    7.962306E-03    2.838893E-03
    1.493506E-01    1.618429E-01    1.598416E-01   -3.018687E-03    7.778661E-03    2.875651E-03
    1.488088E-01    1.609278E-01    1.588240E-01   -2.962485E-03    7.627695E-03    2.950077E-03
    1.482691E-01    1.600170E-01    1.578135E-01   -2.889975E-03    7.506985E-03    3.059269E-03
    1.477318E-01    1.591108E-01    1.568101E-01   -2.800867E-03    7.413952E-03    3.200290E-03
    1.471968E-01    1.582090E-01    1.558137E-01   -2.694893E-03    7.345908E-03    3.369853E-03
    1.466644E-01    1.573119E-01    1.548244E-01   -2.571789E-03    7.300149E-03    3.561702E-03
    1.461350E-01    1.564196E-01    1.538423E-01   -2.431317E-03    7.273991E-03    3.772330E-03
    1.456084E-01    1.555321E-01    1.528672E-01   -2.273293E-03    7.264831E-03    3.995701E-03
    1.450849E-01    1.546495E-01    1.518993E-01   -2.097558E-03    7.270195E-03    4.225690E-03
    1.445642E-01    1.537716E-01    1.509384E-01   -1.903983E-03    7.287790E-03    4.457025E-03
    1.440468E-01    1.528987E-01    1.499846E-01   -1.692451E-03    7.315543E-03    4.684754E-03
    1.435327E-01    1.520307E-01    1.490379E-01   -1.462892E-03    7.351644E-03    4.904166E-03
    1.430219E-01    1.511677E-01    1.480983E-01   -1.215280E-03    7.394558E-03    5.111347E-03
    1.425143E-01    1.503097E-01    1.471656E-01   -9.496177E-04    7.443100E-03    5.303127E-03
    1.420100E-01    1.494566E-01    1.462400E-01   -6.659435E-04    7.496386E-03    5.477172E-03
    1.415093E-01    1.486085E-01    1.453213E-01   -3.643214E-04    7.553869E-03    5.631981E-03
    1.410119E-01    1.477653E-01    1.444095E-01   -4.486552E-05    7.615335E-03    5.766931E-03
    1.405180E-01    1.469272E-01    1.435046E-01    2.922717E-04    7.680896E-03    5.881890E-03
    1.400275E-01    1.460940E-01    1.426066E-01    6.469003E-04    7.750965E-03    5.977944E-03
    1.395404E-01    1.452658E-01    1.417154E-01    1.018796E-03    7.826228E-03    6.055758E-03
    1.390569E-01    1.444425E-01    1.408309E-01    1.407698E-03    7.907614E-03    6.116300E-03
    1.385768E-01    1.436242E-01    1.399532E-01    1.813299E-03    7.996247E-03    6.162510E-03
    1.381001E-01    1.428108E-01    1.390822E-01    2.235253E-03    8.093403E-03    6.194777E-03
    1.376269E-01    1.420022E-01    1.382178E-01    2.673177E-03    8.200485E-03    6.214087E-03
    1.371571E-01    1.411986E-01    1.373600E-01    3.126651E-03    8.318823E-03    6.221205E-03
    1.366907E-01    1.403998E-01    1.365088E-01    3.595215E-03    8.449881E-03    6.216405E-03
    1.362278E-01    1.396058E-01    1.356641E-01    4.078370E-03    8.594962E-03    6.199333E-03
    1.357682E-01    1.388166E-01    1.348259E-01    4.575579E-03    8.755241E-03    6.169092E-03
    1.353119E-01    1.380322E-01    1.339941E-01    5.086269E-03    8.931698E-03    6.123994E-03
    1.348589E-01    1.372525E-01    1.331686E-01    5.609831E-03    9.125065E-03    6.062287E-03
    1.344093E-01    1.364775E-01    1.323495E-01    6.145622E-03    9.335812E-03    5.983224E-03
    1.339630E-01    1.357073E-01    1.315367E-01    6.692962E-03    9.563963E-03    5.884222E-03
    1.335198E-01    1.349417E-01    1.307301E-01    7.251139E-03    9.809214E-03    5.762564E-03
    1.330799E-01    1.341807E-01    1.299296E-01    7.819410E-03    1.007094E-02    5.617452E-03
    1.326431E-01    1.334243E-01    1.291353E-01    8.397003E-03    1.034800E-02    5.448151E-03
    1.307718E-01    1.301734E-01    1.257365E-01    1.100869E-02    1.169041E-02    4.447731E-03
    1.289573E-01    1.270070E-01    1.224497E-01    1.370983E-02    1.306702E-02    3.255540E-03
    1.271967E-01    1.239225E-01    1.192711E-01    1.642133E-02    1.416412E-02    2.378066E-03
    1.254866E-01    1.209172E-01    1.161967E-01    1.906091E-02    1.467354E-02    2.218868E-03
    1.238240E-01    1.179888E-01    1.132228E-01    2.154707E-02    1.440873E-02    2.727236E-03
    1.222058E-01    1.151348E-01    1.103455E-01    2.380335E-02    1.338352E-02    3.456480E-03
    1.206289E-01    1.123531E-01    1.075613E-01    2.576238E-02    1.181361E-02    3.996831E-03
    1.190905E-01    1.096416E-01    1.048664E-01    2.736968E-02    1.003483E-02    4.237088E-03
    1.175880E-01    1.069984E-01    1.022573E-01    2.858662E-02    8.371998E-03    4.546049E-03
    1.161186E-01    1.044218E-01    9.973050E-02    2.939259E-02    7.024270E-03    4.621662E-03
    1.146801E-01    1.019100E-01    9.728231E-02    2.978592E-02    6.014170E-03    4.271020E-03
    1.132701E-01    9.946151E-02    9.490923E-02    2.978352E-02    5.243599E-03    3.386608E-03
    1.118867E-01    9.707489E-02    9.260765E-02    2.941923E-02    4.607159E-03    2.364833E-03
    1.105277E-01    9.474878E-02    9.037397E-02    2.874088E-02    4.105033E-03    1.837213E-03
    1.091916E-01    9.248188E-02    8.820454E-02    2.780626E-02    3.877672E-03    1.975869E-03
    1.078765E-01    9.027298E-02    8.609565E-02    2.667839E-02    4.123841E-03    2.468512E-03
    1.065809E-01    8.812090E-02    8.404357E-02    2.542044E-02    4.961396E-03    2.947877E-03
    1.053035E-01    8.602451E-02    8.204449E-02    2.409065E-02    6.274882E-03    3.329164E-03
    1.040429E-01    8.398267E-02    8.009459E-02    2.273805E-02    7.711261E-03    3.622971E-03
    1.027981E-01    8.199429E-02    7.818999E-02    2.139909E-02    8.797298E-03    3.612898E-03
    1.015678E-01    8.005826E-02    7.632678E-02    2.009582E-02    9.172783E-03    3.107640E-03
    1.003512E-01    7.817343E-02    7.450106E-02    1.883573E-02    8.748224E-03    2.324577E-03
    9.914743E-02    7.633868E-02    7.270891E-02    1.761348E-02    7.764535E-03    1.412424E-03
    9.795561E-02    7.455282E-02    7.094643E-02    1.641419E-02    6.624930E-03    1.667867E-03
    9.677507E-02    7.281462E-02    6.920979E-02    1.521814E-02    5.656178E-03    1.834399E-03
    9.560519E-02    7.112283E-02    6.749519E-02    1.400620E-02    4.943540E-03    2.170878E-03
    9.444539E-02    6.947613E-02    6.579898E-02    1.276542E-02    4.342775E-03    2.667636E-03
    9.329517E-02    6.787312E-02    6.411760E-02    1.149390E-02    3.687885E-03    3.029901E-03
    9.215409E-02    6.631239E-02    6.244767E-02    1.020434E-02    3.000596E-03    2.867196E-03
    9.102177E-02    6.479242E-02    6.078600E-02    8.925425E-03    2.540366E-03    2.238478E-03
    8.989788E-02    6.331165E-02    5.912964E-02    7.700901E-03    2.632634E-03    1.700346E-03
    8.878211E-02    6.186845E-02    5.747592E-02    6.586027E-03    3.386252E-03    1.500210E-03
    8.767423E-02    6.046113E-02    5.582244E-02    5.641775E-03    4.544287E-03    1.442132E-03
    8.657402E-02    5.908794E-02    5.416719E-02    4.927375E-03    5.593133E-03    1.633747E-03
    8.548132E-02    5.774707E-02    5.250848E-02    4.492150E-03    6.084929E-03    2.097458E-03
    8.439597E-02    5.643667E-02    5.084507E-02    4.367796E-03    5.913579E-03    2.495644E-03
    8.331787E-02    5.515485E-02    4.917613E-02    4.562296E-03    5.319625E-03    2.341921E-03
    8.224693E-02    5.389967E-02    4.750131E-02    5.056654E-03    4.630121E-03    1.796539E-03
    8.118309E-02    5.266919E-02    4.582072E-02    5.804903E-03    4.017625E-03    1.353066E-03
    8.012631E-02    5.146144E-02    4.413499E-02    6.738147E-03    3.406953E-03    1.248158E-03
    7.907656E-02    5.027445E-02    4.244525E-02    7.771843E-03    2.609204E-03    1.251073E-03
    7.803384E-02    4.910628E-02    4.075313E-02    8.815682E-03    2.127102E-03    1.574723E-03
    7.699816E-02    4.795500E-02    3.906081E-02    9.784546E-03    1.893430E-03    1.979726E-03
    7.596954E-02    4.681871E-02    3.737091E-02    1.060881E-02    2.216684E-03    1.989841E-03
    7.494801E-02    4.569560E-02    3.568659E-02    1.124223E-02    2.956489E-03    1.672341E-03
    7.393362E-02    4.458391E-02    3.401144E-02    1.166591E-02    3.685682E-03    1.308821E-03
    7.292642E-02    4.348197E-02    3.234946E-02    1.188764E-02    4.076058E-03    1.037967E-03
    7.192646E-02    4.238822E-02    3.070504E-02    1.193636E-02    3.880025E-03    1.053958E-03
    7.093383E-02    4.130121E-02    2.908289E-02    1.185305E-02    2.839301E-03    1.442898E-03
    6.994857E-02    4.021965E-02    2.748799E-02    1.167945E-02    3.651532E-03    1.696531E-03
    6.897077E-02    3.914239E-02    2.592550E-02    1.144767E-02    3.132175E-03    1.583329E-03
    6.800051E-02    3.806845E-02    2.440071E-02    1.117174E-02    2.385097E-03    1.371557E-03
    6.703786E-02    3.699703E-02    2.291896E-02    1.084522E-02    1.667908E-03    1.053886E-03
    6.608290E-02    3.592754E-02    2.148553E-02    1.044390E-02    1.421551E-03    8.333326E-04
    6.513572E-02    3.485957E-02    2.010557E-02    9.934445E-03    1.774746E-03    9.209318E-04
    6.419639E-02    3.379295E-02    1.878398E-02    9.286970E-03    2.396839E-03    1.415271E-03
    6.326499E-02    3.272772E-02    1.752538E-02    8.488563E-03    2.828020E-03    1.407407E-03
    6.234160E-02    3.166418E-02    1.633396E-02    7.554463E-03    2.963838E-03    5.307234E-04
    6.142630E-02    3.060281E-02    1.521341E-02    6.532650E-03    2.998202E-03    9.493019E-04
    6.051917E-02    2.954436E-02    1.416685E-02    5.502280E-03    2.959195E-03    7.695741E-04
    5.962027E-02    2.848981E-02    1.319674E-02    4.561226E-03    2.736064E-03    9.684881E-04
    5.872968E-02    2.744035E-02    1.230484E-02    3.808886E-03    2.092080E-03    1.194569E-03
    5.784746E-02    2.639739E-02    1.149215E-02    3.325505E-03    1.392175E-03    1.246522E-03
    5.697368E-02    2.536253E-02    1.075884E-02    3.154444E-03    1.177951E-03    1.061050E-03
    5.610840E-02    2.433758E-02    1.010429E-02    3.288888E-03    1.493345E-03    7.425727E-04
    5.525166E-02    2.332450E-02    9.527031E-03    3.674787E-03    1.945211E-03    7.133727E-04
    5.440354E-02    2.232540E-02    9.024794E-03    4.220110E-03    2.218287E-03    9.242653E-04
    5.356407E-02    2.134251E-02    8.594525E-03    4.816193E-03    2.368753E-03    1.010651E-03
    5.273330E-02    2.037815E-02    8.232449E-03    5.362480E-03    2.459504E-03    1.067293E-03
    5.191127E-02    1.943470E-02    7.934134E-03    5.788784E-03    2.286978E-03   -1.399008E-04
    5.109802E-02    1.851455E-02    7.694585E-03    6.067933E-03    1.768087E-03    6.439921E-04
    5.029358E-02    1.762012E-02    7.508351E-03    6.215416E-03    1.234743E-03    7.456417E-04
    4.949799E-02    1.675374E-02    7.369645E-03    6.275546E-03    1.113185E-03    8.927694E-04
    4.871125E-02    1.591767E-02    7.272476E-03    6.298695E-03    1.283959E-03    9.628396E-04
    4.793340E-02    1.511405E-02    7.210794E-03    6.317382E-03    1.512863E-03    6.968354E-04
    4.716445E-02    1.434485E-02    7.178628E-03    6.329935E-03    1.606741E-03    5.930216E-04
    4.640442E-02    1.361185E-02    7.170238E-03    6.298329E-03    2.056806E-03    6.720884E-04
    4.565330E-02    1.291659E-02    7.180254E-03    6.162129E-03    1.908919E-03    8.120466E-04
    4.491111E-02    1.226033E-02    7.203797E-03    5.864188E-03    1.582731E-03    8.195582E-04
    4.417785E-02    1.164406E-02    7.236607E-03    5.379024E-03    1.052505E-03    5.726999E-04
    4.345350E-02    1.106841E-02    7.275125E-03    4.732552E-03    1.035834E-03    4.401676E-04
    4.273807E-02    1.053370E-02    7.316569E-03    4.004252E-03    1.090979E-03    6.379441E-04
    4.203155E-02    1.003988E-02    7.358973E-03    3.309008E-03    1.175734E-03    8.087829E-04
    4.133391E-02    9.586518E-03    7.401190E-03    2.764085E-03    1.318013E-03    6.516697E-04
    4.064514E-02    9.172846E-03    7.442880E-03    2.451758E-03    1.756094E-03    5.286271E-04
    3.996522E-02    8.797714E-03    7.484430E-03    2.394894E-03    1.537716E-03    3.166375E-04
    3.929413E-02    8.459633E-03    7.526868E-03    2.552120E-03    1.151759E-03    6.885798E-04
    3.863183E-02    8.156785E-03    7.571736E-03    2.838331E-03    9.241915E-04    6.654378E-04
    3.797830E-02    7.887063E-03    7.620924E-03    3.156337E-03    9.046638E-04    5.182940E-04
    3.733349E-02    7.648097E-03    7.676498E-03    3.433118E-03    9.242614E-04    4.147582E-04
    3.669738E-02    7.437308E-03    7.740498E-03    3.651217E-03    1.155062E-03    5.894218E-04
    3.606993E-02    7.251954E-03    7.814730E-03    3.812941E-03    1.427128E-03    6.178954E-04
    3.545108E-02    7.089186E-03    7.900575E-03    3.949517E-03    1.340163E-03    4.500730E-04
    3.484081E-02    6.946113E-03    7.998780E-03    4.072228E-03    1.078979E-03    3.936343E-04
    3.423905E-02    6.819860E-03    8.109301E-03    4.157038E-03    8.713397E-04    5.334196E-04
    3.364576E-02    6.707637E-03    8.231177E-03    4.151001E-03    7.327852E-04    5.606521E-04
    3.306089E-02    6.606803E-03    8.362418E-03    4.000237E-03    8.072772E-04    4.610561E-04
    3.248438E-02    6.514923E-03    8.499993E-03    3.681722E-03    1.112283E-03    3.543963E-04
    3.191618E-02    6.429831E-03    8.639838E-03    3.236246E-03    1.217185E-03    4.917239E-04
    3.135623E-02    6.349680E-03    8.776951E-03    2.752159E-03    1.054229E-03    5.223338E-04
    3.080447E-02    6.272977E-03    8.905534E-03    2.331855E-03    8.909497E-04    3.858082E-04
    3.026084E-02    6.198622E-03    9.019216E-03    2.057556E-03    6.909141E-04    3.742702E-04
    2.972527E-02    6.125925E-03    9.111315E-03    1.947205E-03    6.228060E-04    4.624268E-04
    2.919770E-02    6.054606E-03    9.175151E-03    1.967609E-03    8.136505E-04    3.185768E-04
    2.867807E-02    5.984793E-03    9.204391E-03    2.036321E-03    1.039119E-03    2.720800E-04
    2.816630E-02    5.916991E-03    9.193396E-03    2.146176E-03    9.350807E-04    2.729078E-04
    2.766234E-02    5.852042E-03    9.137580E-03    2.269606E-03    8.154634E-04    4.538156E-04
    2.716610E-02    5.791070E-03    9.033720E-03    2.435677E-03    6.076933E-04    3.254872E-04
    2.667753E-02    5.735405E-03    8.880201E-03    2.648009E-03    5.712994E-04    3.098644E-04
    2.619654E-02    5.686512E-03    8.677254E-03    2.854903E-03    7.585824E-04    3.732302E-04
    2.572306E-02    5.645882E-03    8.427001E-03    2.992451E-03    8.826523E-04    2.550726E-04
    2.525703E-02    5.614948E-03    8.133487E-03    2.957332E-03    8.394097E-04    2.306816E-04
    2.479836E-02    5.594969E-03    7.802552E-03    2.726164E-03    5.746119E-04    3.407745E-04
    2.434699E-02    5.586942E-03    7.441594E-03    2.362288E-03    4.946835E-04    4.223933E-04
    2.390284E-02    5.591487E-03    7.059235E-03    1.996571E-03    5.913354E-04    2.934730E-04
    2.346583E-02    5.608793E-03    6.664885E-03    1.729476E-03    7.121343E-04    2.866771E-04
    2.303589E-02    5.638506E-03    6.268251E-03    1.596520E-03    7.856896E-04    2.795313E-04
    2.261294E-02    5.679714E-03    5.878799E-03    1.506433E-03    6.775554E-04    2.777913E-04
    2.219690E-02    5.730904E-03    5.505221E-03    1.559501E-03    4.559575E-04    2.616376E-04
    2.178771E-02    5.789964E-03    5.154947E-03    1.551522E-03    4.893523E-04    3.270837E-04
    2.138527E-02    5.854216E-03    4.833726E-03    1.598846E-03    6.192267E-04    2.062124E-04
    2.098953E-02    5.920482E-03    4.545329E-03    1.736990E-03    6.930446E-04   -1.220644E-03
    2.060039E-02    5.985160E-03    4.291416E-03    1.951704E-03    6.107449E-04    6.600386E-05
    2.021778E-02    6.044373E-03    4.071541E-03    2.151339E-03    3.027975E-04    2.358634E-04
    1.984164E-02    6.094079E-03    3.883350E-03    2.211950E-03    4.514793E-04    2.299278E-04
    1.947187E-02    6.130268E-03    3.722961E-03    1.912922E-03    4.965100E-04    2.833857E-04
    1.910842E-02    6.149123E-03    3.585417E-03    1.821150E-03    6.364983E-04    2.016409E-04
    1.875119E-02    6.147208E-03    3.465339E-03    1.540496E-03    5.023874E-04    1.884294E-04
    1.840012E-02    6.121658E-03    3.357525E-03    1.357889E-03    4.101658E-04    2.562616E-04
    1.805513E-02    6.070324E-03    3.257611E-03    1.260119E-03    4.118107E-04    1.936140E-04
    1.771616E-02    5.991926E-03    3.162593E-03    1.198410E-03    5.404197E-04    2.465833E-04
    1.738311E-02    5.886151E-03    3.071221E-03    1.164823E-03    5.529358E-04    2.306266E-04
    1.705594E-02    5.753728E-03    2.984186E-03    1.210657E-03    4.012948E-04   -6.650175E-05
    1.673455E-02    5.596413E-03    2.904061E-03    1.201965E-03    3.661501E-04    1.982884E-04
    1.641889E-02    5.416964E-03    2.834997E-03    1.522006E-03   -9.036957E-05    2.002171E-04
    1.610889E-02    5.219030E-03    2.782177E-03    1.634455E-03    5.254864E-04    1.690640E-04
    1.580446E-02    5.006998E-03    2.751075E-03    1.612093E-03   -5.669880E-05    1.044218E-04
    1.550556E-02    4.785783E-03    2.746603E-03    1.495767E-03    3.189000E-04    1.919460E-04
    1.521210E-02    4.560584E-03    2.772233E-03    1.340376E-03    3.614884E-04    2.167792E-04
    1.492403E-02    4.336614E-03    2.829210E-03    1.170607E-03    4.662314E-04    1.801948E-04
    1.464128E-02    4.118796E-03    2.915961E-03    1.062538E-03    4.185060E-04    1.115539E-04
    1.436379E-02    3.911555E-03    3.027798E-03    9.345737E-04    3.138928E-04   -1.863462E-04
    1.409149E-02    3.718466E-03    3.157001E-03    8.869908E-04    3.232172E-04   -3.815016E-03
    1.382433E-02    3.542139E-03    3.293268E-03    9.667889E-04    4.148251E-04    1.699419E-04
    1.356225E-02    3.384055E-03    3.424574E-03    1.133999E-03    3.897165E-04    1.018639E-04
    1.330519E-02    3.244516E-03    3.538302E-03    1.169551E-03    2.862591E-04    2.227931E-04
    1.305310E-02    3.122675E-03    3.622499E-03    1.287393E-03    3.083730E-04    1.109310E-04
    1.280592E-02    3.016653E-03    3.667574E-03    1.212169E-03    3.315990E-04    1.581070E-04
    1.256359E-02    2.923761E-03    3.666775E-03    1.053767E-03    2.862860E-04    2.044501E-04
    1.232609E-02    2.840777E-03    3.617707E-03    1.015244E-03    2.547580E-04    3.389017E-04
    1.209334E-02    2.764284E-03    3.522399E-03    8.228179E-04    3.120028E-04    1.322275E-04
    1.186531E-02    2.691037E-03    3.387158E-03    7.557434E-04    3.604996E-04    1.276736E-04
    1.164196E-02    2.618317E-03    3.221815E-03    7.351544E-04    2.808545E-04    1.647655E-04
    1.142324E-02    2.544250E-03    3.038487E-03    8.443785E-04    2.118765E-04    9.211553E-05
    1.120912E-02    2.468075E-03    2.850000E-03    9.873265E-04    3.050275E-04    1.032754E-04
    1.099955E-02    2.390253E-03    2.668206E-03    1.059811E-03    3.285608E-04    1.345824E-04
    1.079452E-02    2.312513E-03    2.502589E-03    9.429928E-04   -1.802168E-04   -1.105892E-04
    1.059398E-02    2.237688E-03    2.358945E-03    9.593623E-04    2.534859E-04    1.874367E-04
    1.039791E-02    2.169491E-03    2.239128E-03    8.774127E-04   -8.490631E-05    1.439447E-04
    1.020629E-02    2.112161E-03    2.141269E-03    6.918957E-04   -1.410868E-04    2.326645E-04
    1.001909E-02    2.069883E-03    2.060343E-03    6.514054E-04    2.169306E-04    1.001721E-03
    9.836299E-03    2.046365E-03    1.990023E-03    6.492907E-04    2.973455E-04    3.072097E-04
    9.657904E-03    2.044248E-03    1.924646E-03    7.614524E-04    2.295799E-04    1.378582E-04
    9.483895E-03    2.064811E-03    1.859607E-03    8.349753E-04    2.087258E-04    9.721969E-05
    9.314266E-03    2.107356E-03    1.794334E-03    8.805380E-04    2.205072E-04    1.488328E-04
    9.149017E-03    2.169323E-03    1.731280E-03    8.538817E-04    2.544508E-04    1.053800E-04
    8.988150E-03    2.246235E-03    1.676226E-03    7.684442E-04   -3.797780E-04    2.868781E-04
    8.831676E-03    2.331982E-03    1.636922E-03    6.007531E-04    1.065381E-04    1.571669E-04
    8.679606E-03    2.419275E-03    1.621231E-03    3.467863E-04    2.499682E-04    1.136487E-04
    8.531961E-03    2.500524E-03    1.635037E-03    6.038296E-04    1.754453E-04    1.777433E-04
    8.388765E-03    2.568172E-03    1.680410E-03    6.550828E-04   -2.703353E-04    6.344355E-05
    8.250048E-03    2.615884E-03    1.754455E-03    7.134296E-04    2.023035E-04    1.726355E-04
    8.115848E-03    2.639081E-03    1.849219E-03    7.598477E-04    1.544218E-04    8.527825E-05
    7.986209E-03    2.635491E-03    1.952732E-03    7.790243E-04    2.073723E-04    2.901425E-03
    7.861181E-03    2.605448E-03    2.051049E-03    6.449713E-04    2.321135E-04    9.563978E-05
    7.740823E-03    2.551861E-03    2.130844E-03    4.577263E-04    1.782454E-04    4.842248E-04
    7.625202E-03    2.479879E-03    2.183415E-03   -8.110291E-04    9.221224E-05    1.030288E-04
    7.514393E-03    2.396254E-03    2.201083E-03    6.041563E-04    1.304380E-04    2.576885E-04
    7.408478E-03    2.308491E-03    2.185797E-03    6.175997E-04    6.133386E-05    1.747009E-04
    7.307552E-03    2.223895E-03    2.143603E-03    6.876038E-04    4.372772E-05    8.549342E-05
    7.211719E-03    2.148087E-03    2.083580E-03    6.896975E-04    7.395154E-05   -2.975209E-05
    7.121092E-03    2.087018E-03    2.015837E-03    6.370087E-04    9.168725E-08    1.699192E-03
    7.035796E-03    2.041109E-03    1.948713E-03    5.712502E-04    2.244626E-04    1.462318E-03
    6.955970E-03    2.010431E-03    1.887165E-03    5.613466E-04    1.873601E-04   -5.283611E-05
    6.881762E-03    1.992671E-03    1.832409E-03    2.929738E-04    2.300091E-04    1.089088E-04
    6.813338E-03    1.983920E-03    1.783023E-03    6.401867E-04    2.019638E-04    3.533165E-04
    6.750874E-03    1.979978E-03    1.737035E-03    7.204229E-04    1.094913E-04   -1.950868E-05
    6.694563E-03    1.977554E-03    1.694281E-03    6.535326E-04   -1.254572E-04    2.714459E-05
    6.644616E-03    1.974600E-03    1.657144E-03    6.332221E-04    1.538373E-04    9.492221E-05
    6.601258E-03    1.971307E-03    1.634722E-03    6.022147E-04    2.236811E-04   -8.974823E-05
    6.564734E-03    1.970173E-03    1.634030E-03   -8.549112E-04    2.092391E-04    1.699905E-03
    6.535307E-03    1.975649E-03    1.663873E-03    2.351289E-04    2.074203E-04    1.061951E-04
    6.513261E-03    1.993317E-03    1.728402E-03    7.542589E-04    1.618171E-04    1.678977E-03
    6.498904E-03    2.028741E-03    1.824536E-03    7.485566E-04    1.970338E-04    8.421192E-06
    6.492562E-03    2.086231E-03    1.943683E-03    6.830115E-04    8.171789E-06   -1.824552E-04
    6.494590E-03    2.167766E-03    2.071752E-03    6.715167E-04    1.346136E-04    1.118642E-04
    6.505368E-03    2.272344E-03    2.194144E-03    6.434791E-04    2.902415E-04    2.129940E-04
    6.525301E-03    2.395937E-03    2.299985E-03    7.374460E-04    4.233454E-04   -5.202534E-04
    6.554826E-03    2.532091E-03    2.385297E-03    8.078126E-04    2.160414E-04   -5.065438E-05
    6.594411E-03    2.673085E-03    2.454016E-03    8.143555E-04    1.063231E-03    1.176746E-04
    6.644554E-03    2.811408E-03    2.513125E-03    7.965067E-04   -1.397503E-03    9.414589E-03
    6.705791E-03    2.942025E-03    2.572996E-03    7.823315E-04    2.849488E-04    1.306749E-04
    6.778693E-03    3.059466E-03    2.638566E-03    8.326513E-04    2.382599E-04    1.318399E-04
    6.863872E-03    3.167805E-03    2.708097E-03    8.264399E-04    6.133868E-04    3.305861E-04
    6.961979E-03    3.266594E-03    2.770950E-03    8.626197E-04   -2.994697E-03   -1.739816E-03
    7.073712E-03    3.361160E-03    2.830657E-03    5.533013E-04    4.182667E-03    1.506715E-04
    7.199814E-03    3.460136E-03    2.879632E-03    9.500989E-04    2.883351E-04    6.263534E-05
    7.341076E-03    3.565218E-03    2.924106E-03    9.860980E-04    3.416985E-04    2.588463E-03
    7.498344E-03    3.680355E-03    2.983097E-03    1.064733E-03    9.763471E-05    2.252870E-03
    7.672518E-03    3.806467E-03    3.077250E-03    7.687529E-04    3.599722E-04    4.877714E-04
    7.864556E-03    3.943049E-03    3.221933E-03    1.224576E-03    6.188890E-04   -9.084104E-04
    8.075478E-03    4.089540E-03    3.422402E-03    1.223455E-03   -1.096844E-03    5.848531E-05
    8.306369E-03    4.246088E-03    3.665852E-03    1.248567E-03    3.833550E-03    8.578629E-05
    8.558385E-03    4.416836E-03    3.930793E-03    1.280346E-03    4.528008E-04    2.765871E-03
    8.832751E-03    4.605738E-03    4.214546E-03    1.459668E-03    2.876253E-04    2.761075E-03
    9.130772E-03    4.822392E-03    4.470115E-03    1.113769E-03    4.879373E-04    4.061277E-03
    9.453833E-03    5.072680E-03    4.716019E-03    1.553617E-03    4.983421E-04    2.093842E-04
    9.803402E-03    5.362469E-03    4.952117E-03    1.609655E-03    2.026628E-03    2.846318E-03
    1.018104E-02    5.692823E-03    5.204365E-03    1.768050E-03   -1.681818E-04    4.424108E-04
    1.058840E-02    6.060087E-03    5.458442E-03   -2.305277E-03    7.146885E-04    2.989893E-04
    1.102723E-02    6.456676E-03    5.771377E-03    1.807593E-03    2.570918E-03    2.468067E-04
    1.149939E-02    6.873441E-03    5.954091E-03    2.137486E-04    3.089845E-04   -8.341671E-04
    1.200684E-02    7.302799E-03    6.350929E-03    1.766855E-03    8.107254E-04    4.035895E-04
    1.255166E-02    7.741860E-03    6.661456E-03    2.341547E-03    7.389584E-04    3.534330E-04
    1.313604E-02    8.192032E-03    6.979957E-03    2.469562E-03    4.910194E-04   -8.237498E-04
    1.376230E-02    8.661602E-03    7.345038E-03    2.537382E-03    8.404632E-04   -5.062812E-03
    1.443290E-02    9.159498E-03    7.776376E-03    2.710062E-03    8.702923E-04   -3.011674E-04
    1.515040E-02    9.693236E-03    8.274162E-03    2.694155E-03    8.345404E-04    2.757704E-01
    1.591754E-02    1.026613E-02    8.834383E-03    3.122234E-03    9.899310E-04    8.125301E-04
    1.673718E-02    1.087275E-02    9.431548E-03    3.227300E-03    5.224178E-04    8.330760E-04
    1.761232E-02    1.150873E-02    1.004871E-02    3.433208E-03    1.123426E-03    3.535761E-04
    1.854613E-02    1.216643E-02    1.068490E-02    3.688019E-03    2.155206E-03    7.293620E-04
    1.954193E-02    1.284555E-02    1.134607E-02    3.613435E-03    1.228463E-03    1.740199E-03
    2.060320E-02    1.355420E-02    1.203489E-02    4.120487E-03    1.208816E-03   -6.866090E-05
    2.173359E-02    1.431043E-02    1.274199E-02    4.353853E-03    1.718244E-03    1.129211E-03
    2.293690E-02    1.514357E-02    1.348172E-02    4.662886E-03    4.285472E-03    6.822952E-04
    2.421711E-02    1.605487E-02    1.420566E-02    4.967573E-03    1.526678E-03    4.065746E-04
    2.557837E-02    1.706929E-02    1.503183E-02    5.219696E-03   -1.590377E-03    5.093810E-02
    2.702499E-02    1.817572E-02    1.589577E-02    4.807692E-03   -3.264996E-02    2.122962E-04
    2.856145E-02    1.935964E-02    1.684289E-02    5.752216E-03    1.468205E-03    8.157109E-04
    3.019238E-02    2.060531E-02    1.789627E-02    6.275509E-03   -5.095025E-03    1.055820E-03
    3.192260E-02    2.189385E-02    1.899511E-02    6.601863E-03    2.107501E-03    6.112641E-03
    3.375705E-02    2.322794E-02    2.020674E-02    7.008499E-03    3.358520E-03    1.508968E-02
    3.570084E-02    2.461608E-02    2.146617E-02    7.135127E-03    2.352314E-03    1.593326E-03
    3.775920E-02    2.609329E-02    2.230558E-02    7.924935E-03    2.510436E-03    1.948044E-02
    3.993748E-02    2.764706E-02    2.422400E-02    8.334833E-03   -1.619329E-03    5.228974E-04
    4.224114E-02    2.928775E-02    2.570788E-02    8.729669E-03    7.567972E-03    1.635414E-03
    4.467574E-02    3.104170E-02    2.725686E-02    7.658784E-03    4.527613E-03   -4.874207E-04
    4.724688E-02    3.198616E-02    2.880137E-02    9.784345E-03    3.186514E-03    2.164249E-03
    4.996023E-02    3.479045E-02    3.040822E-02    1.008805E-02    3.389313E-03    1.013144E-03
    5.282144E-02    3.676909E-02    3.208708E-02    1.077138E-02    3.573546E-03    1.718937E-03
    5.583617E-02    3.885571E-02    3.356052E-02    1.185946E-02    3.143364E-04    1.807424E-03
    5.901000E-02    4.108044E-02    3.597146E-02    1.249080E-02    4.080780E-03    2.059983E-03
    6.234842E-02    4.344646E-02    3.810075E-02    1.314040E-02    5.168024E-03    2.080654E-03
    6.585678E-02    4.596827E-02    4.031568E-02    1.252686E-02    4.515833E-03    2.066433E-03
    6.954023E-02    4.864137E-02    4.263776E-02    1.411714E-02    3.344003E-03    2.278095E-03
    7.340368E-02    5.146455E-02    4.503588E-02    1.595116E-02    5.014085E-03    1.205315E-03
    7.745173E-02    5.443832E-02    4.765415E-02    1.647651E-02    3.435769E-02    2.557225E-03
    8.168860E-02    5.751835E-02    5.031950E-02    1.743712E-02    4.374996E-03    2.699520E-03
    8.611810E-02    6.068293E-02    5.315871E-02    1.837503E-02    5.871048E-03    3.137595E-03
    9.074352E-02    6.401650E-02    5.596283E-02    1.869408E-02    6.394458E-03    3.834341E-03
    9.556757E-02    6.746520E-02    5.887345E-02    2.015442E-02    1.927318E-02    2.923239E-03
    1.005923E-01    7.098140E-02    6.190901E-02    2.072295E-02    4.823166E-03    3.243937E-03
    1.058191E-01    7.465421E-02    6.513044E-02    2.268101E-02    9.583788E-03    3.298571E-03
    1.112484E-01    7.844599E-02    6.852556E-02    2.377562E-02    7.579240E-03    4.836403E-03
    1.168799E-01    8.238380E-02    7.207445E-02    2.503252E-02    7.644503E-03    3.507112E-03
    1.227123E-01    8.649155E-02    7.555234E-02    2.629646E-02    1.020128E-02    6.654975E-04
    1.287433E-01    9.077444E-02    7.966340E-02    2.768013E-02    9.197458E-03    4.251694E-03
    1.349693E-01    9.521945E-02    8.360127E-02    2.888689E-02   -2.253829E-02    4.534736E-03
    1.413858E-01    9.979570E-02    8.761682E-02    2.905015E-02    9.934601E-03    4.579141E-03
    1.479869E-01    1.045004E-01    9.158781E-02    3.185154E-02    9.728671E-03    2.275165E-03
    1.547655E-01    1.092721E-01    9.566959E-02    3.318416E-02    1.280950E-02    4.077270E-03
    1.617133E-01    1.142480E-01    1.000540E-01    3.466918E-02    2.764983E-02    1.360588E-03
    1.688206E-01    1.174926E-01    1.043193E-01    3.620234E-02    1.177150E-02    5.716622E-03
    1.760762E-01    1.245905E-01    1.087475E-01    3.767881E-02    1.213495E-02    5.819483E-03
    1.834678E-01    1.299086E-01    1.132676E-01    3.874896E-02    1.289904E-02    5.359614E-03
    1.909817E-01    1.352866E-01    1.178761E-01    4.098725E-02    1.309096E-02    6.202722E-03
    1.986030E-01    1.405105E-01    1.226335E-01    4.267001E-02    1.395404E-02    7.524090E-03
    2.063154E-01    1.455279E-01    1.273781E-01    4.435643E-02    1.438806E-02    8.012790E-03
    2.141017E-01    1.501734E-01    1.322130E-01    4.609223E-02    1.394140E-02    7.716592E-03
    2.219434E-01    1.543149E-01    1.366970E-01    4.752653E-02    1.813371E-02    7.680408E-03
    2.298212E-01    1.576589E-01    1.401650E-01    4.922893E-02    1.561803E-02    7.825174E-03
    2.377149E-01    1.594613E-01    1.429230E-01    4.681671E-02    1.547724E-02    7.881969E-03
    2.456036E-01    1.582307E-01    1.437384E-01    5.230473E-02    1.600173E-02    7.702141E-03
    2.534659E-01    1.502268E-01    1.408410E-01    5.318710E-02    1.685249E-02    8.372445E-03
    2.612799E-01    1.268371E-01    1.293022E-01    5.371467E-02    1.799441E-02    2.174957E-03
    2.690235E-01    6.718564E-02    9.771948E-02    5.224985E-02    1.670598E-02    8.614119E-03
    2.766746E-01   -8.282358E-02    1.556317E-02    4.211900E-02    1.703375E-02    9.897071E-03
    2.842111E-01   -4.735453E-01   -2.010236E-01    2.981457E-02    8.903655E-03    8.227234E-03
    2.916112E-01   -1.560877E+00   -8.059720E-01   -1.878127E-02    7.710875E-03    6.386348E-03
    2.988538E-01   -4.872708E+00   -2.650277E+00   -1.745941E-01   -1.406687E-02   -2.135679E-03
    3.059185E-01   -1.619421E+01   -8.957215E+00   -6.984516E-01   -9.140736E-02   -2.757946E-02
    3.127878E-01   -6.101754E+01   -3.393073E+01   -2.769505E+00   -4.032373E-01   -1.360183E-01
    3.194570E-01   -2.758070E+02   -1.536059E+02   -1.271703E+01   -1.883705E+00   -6.477901E-01
    3.260248E-01   -1.608291E+03   -8.960340E+02   -7.444569E+01   -1.108521E+01   -3.841370E+00
    3.338940E-01   -1.357810E+04   -7.565341E+03   -6.289298E+02   -9.371841E+01   -3.251162E+01
    3.755220E-01   -2.055367E+05   -1.145221E+05   -9.521337E+03   -1.418961E+03   -4.923020E+02
    2.780253E+00   -9.008240E+06   -5.019499E+06   -4.173177E+05   -6.219331E+04   -2.157782E+04
    2.808175E+03   -5.273770E+09   -2.939096E+09   -2.443436E+08   -3.641479E+07   -1.263403E+07
